xof 0303txt 0032

template XSkinMeshHeader {
  <3cf169ce-ff7c-44ab-93c0-f78f62d172e2>
  WORD nMaxSkinWeightsPerVertex;
  WORD nMaxSkinWeightsPerFace;
  WORD nBones;
}

template SkinWeights {
  <6f0d123b-bad2-4167-a0d0-80224f25fabb>
  STRING transformNodeName;
  DWORD nWeights;
  array DWORD vertexIndices[nWeights];
  array float weights[nWeights];
  Matrix4x4 matrixOffset;
}

Frame Root {
  FrameTransformMatrix {
     1.000000, 0.000000, 0.000000, 0.000000,
     0.000000,-0.000000,-1.000000, 0.000000,
     0.000000, 1.000000,-0.000000, 0.000000,
     0.000000, 0.000000, 0.000000, 1.000000;;
  }
  Frame Armature {
    FrameTransformMatrix {
       0.000043,100.000000, 0.000003, 0.000000,
       0.000016, 0.000003,-100.000000, 0.000000,
      -100.000000, 0.000043,-0.000016, 0.000000,
      40.000000, 0.000000,60.000000, 1.000000;;
    }
    Frame Armature_Body {
      FrameTransformMatrix {
         1.000000, 0.000000, 0.000000, 0.000000,
         0.000000,-0.000000, 1.000000, 0.000000,
         0.000000,-1.000000,-0.000000, 0.000000,
         0.000000, 0.000000, 0.000000, 1.000000;;
      }
      Frame Armature_Left_Arm {
        FrameTransformMatrix {
           0.868243, 0.496139, 0.000000, 0.000000,
          -0.496139, 0.868243, 0.000000, 0.000000,
           0.000000,-0.000000, 1.000000, 0.000000,
          -0.540000, 0.700000,-0.000000, 1.000000;;
        }
        Frame Armature_Left_Arm_001 {
          FrameTransformMatrix {
             0.917722,-0.397223, 0.000000, 0.000000,
             0.397223, 0.917722, 0.000000, 0.000000,
            -0.000000, 0.000000, 1.000000, 0.000000,
             0.000000, 0.241868, 0.000000, 1.000000;;
          }
          Frame Armature_Left_Arm_002 {
            FrameTransformMatrix {
               0.993884,-0.110432, 0.000000, 0.000000,
               0.110016, 0.990147, 0.086630, 0.000000,
              -0.009567,-0.086100, 0.996241, 0.000000,
               0.000000, 0.271662, 0.000000, 1.000000;;
            }
            Frame Armature_Left_Claw {
              FrameTransformMatrix {
                 0.879764,-0.458014, 0.127427, 0.000000,
                 0.475340, 0.842874,-0.252219, 0.000000,
                 0.008115, 0.282465, 0.959243, 0.000000,
                 0.000000, 0.230868,-0.000000, 1.000000;;
              }
              Frame Armature_Left_Claw_end {
                FrameTransformMatrix {
                   1.000000,-0.000000, 0.000000, 0.000000,
                   0.000000, 1.000000,-0.000000, 0.000000,
                  -0.000000,-0.000000, 1.000000, 0.000000,
                   0.000000, 0.336601,-0.000000, 1.000000;;
                }
              } // End of Armature_Left_Claw_end
            } // End of Armature_Left_Claw
            Frame Armature_Left_Claw_001 {
              FrameTransformMatrix {
                 0.867402,-0.491739,-0.076201, 0.000000,
                 0.497576, 0.855362, 0.144132, 0.000000,
                -0.005696,-0.162936, 0.986620, 0.000000,
                 0.000000, 0.230868,-0.000000, 1.000000;;
              }
              Frame Armature_Left_Claw_001_end {
                FrameTransformMatrix {
                   1.000000,-0.000000, 0.000000, 0.000000,
                   0.000000, 1.000000,-0.000000, 0.000000,
                  -0.000000, 0.000000, 1.000000, 0.000000,
                  -0.000000, 0.321559,-0.000000, 1.000000;;
                }
              } // End of Armature_Left_Claw_001_end
            } // End of Armature_Left_Claw_001
          } // End of Armature_Left_Arm_002
        } // End of Armature_Left_Arm_001
      } // End of Armature_Left_Arm
      Frame Armature_Left_Eye {
        FrameTransformMatrix {
           0.748034, 0.442525,-0.494587, 0.000000,
           0.000000, 0.745241, 0.666795, 0.000000,
           0.663660,-0.498785, 0.557466, 0.000000,
          -0.210000, 0.780000, 0.170000, 1.000000;;
        }
        Frame Armature_Left_Eye_001 {
          FrameTransformMatrix {
             0.883279,-0.456213, 0.108110, 0.000000,
             0.455859, 0.781765,-0.425484, 0.000000,
             0.109595, 0.425104, 0.898485, 0.000000,
             0.000000, 0.254951, 0.000000, 1.000000;;
          }
          Frame Armature_Left_Eye_001_end {
            FrameTransformMatrix {
               1.000000,-0.000000, 0.000000, 0.000000,
               0.000000, 1.000000,-0.000000, 0.000000,
               0.000000, 0.000000, 1.000000, 0.000000,
               0.000000, 0.170587, 0.000000, 1.000000;;
            }
          } // End of Armature_Left_Eye_001_end
        } // End of Armature_Left_Eye_001
      } // End of Armature_Left_Eye
      Frame Armature_Left_Leg_1 {
        FrameTransformMatrix {
           0.103531,-0.550716,-0.828247, 0.000000,
          -0.992278, 0.000000,-0.124035, 0.000000,
           0.068308, 0.834693,-0.546463, 0.000000,
          -0.620000, 0.550000, 0.040000, 1.000000;;
        }
        Frame Armature_Left_Leg_1_001 {
          FrameTransformMatrix {
             0.985518, 0.169467,-0.005923, 0.000000,
            -0.169568, 0.985077,-0.029499, 0.000000,
             0.000835, 0.030076, 0.999547, 0.000000,
            -0.000000, 0.080623,-0.000000, 1.000000;;
          }
          Frame Armature_Left_Leg_1_002 {
            FrameTransformMatrix {
               0.829909,-0.547227,-0.108600, 0.000000,
               0.472085, 0.585091, 0.659397, 0.000000,
              -0.297299,-0.598508, 0.743910, 0.000000,
              -0.000000, 0.581722,-0.000000, 1.000000;;
            }
            Frame Armature_Left_Leg_1_003 {
              FrameTransformMatrix {
                 0.969768,-0.243734, 0.011994, 0.000000,
                 0.233646, 0.941568, 0.242606, 0.000000,
                -0.070425,-0.232469, 0.970050, 0.000000,
                 0.000000, 0.542955, 0.000000, 1.000000;;
              }
              Frame Armature_Left_Leg_1_003_end {
                FrameTransformMatrix {
                   1.000000, 0.000001,-0.000000, 0.000000,
                  -0.000001, 1.000000,-0.000001, 0.000000,
                   0.000000, 0.000001, 1.000000, 0.000000,
                  -0.000000, 0.280892, 0.000000, 1.000000;;
                }
              } // End of Armature_Left_Leg_1_003_end
            } // End of Armature_Left_Leg_1_003
          } // End of Armature_Left_Leg_1_002
        } // End of Armature_Left_Leg_1_001
      } // End of Armature_Left_Leg_1
      Frame Armature_Left_Leg_2 {
        FrameTransformMatrix {
           0.056349,-0.480655,-0.875098, 0.000000,
          -0.980196, 0.140028,-0.140028, 0.000000,
           0.189843, 0.865658,-0.463246, 0.000000,
          -0.540000, 0.300000, 0.020000, 1.000000;;
        }
        Frame Armature_Left_Leg_2_001 {
          FrameTransformMatrix {
             0.980458, 0.185902,-0.064358, 0.000000,
            -0.189151, 0.980740,-0.048695, 0.000000,
             0.054066, 0.059917, 0.996738, 0.000000,
            -0.000000, 0.071414, 0.000000, 1.000000;;
          }
          Frame Armature_Left_Leg_2_002 {
            FrameTransformMatrix {
               0.653281,-0.684483,-0.323585, 0.000000,
               0.686190, 0.354671, 0.635099, 0.000000,
              -0.319949,-0.636939, 0.701386, 0.000000,
               0.000000, 0.591101, 0.000000, 1.000000;;
            }
            Frame Armature_Left_Leg_2_003 {
              FrameTransformMatrix {
                 0.997632,-0.068763,-0.001672, 0.000000,
                 0.068675, 0.994406, 0.080254, 0.000000,
                -0.003856,-0.080179, 0.996773, 0.000000,
                 0.000000, 0.501797, 0.000000, 1.000000;;
              }
              Frame Armature_Left_Leg_2_003_end {
                FrameTransformMatrix {
                   1.000000, 0.000000, 0.000000, 0.000000,
                  -0.000000, 1.000000, 0.000001, 0.000000,
                  -0.000000,-0.000001, 1.000000, 0.000000,
                  -0.000000, 0.193391,-0.000000, 1.000000;;
                }
              } // End of Armature_Left_Leg_2_003_end
            } // End of Armature_Left_Leg_2_003
          } // End of Armature_Left_Leg_2_002
        } // End of Armature_Left_Leg_2_001
      } // End of Armature_Left_Leg_2
      Frame Armature_Left_Leg_3 {
        FrameTransformMatrix {
           0.232840,-0.078433,-0.969347, 0.000000,
          -0.953998,-0.211999,-0.211999, 0.000000,
          -0.188873, 0.974117,-0.124187, 0.000000,
          -0.470000, 0.180000, 0.000000, 1.000000;;
        }
        Frame Armature_Left_Leg_3_001 {
          FrameTransformMatrix {
             0.928805, 0.367877, 0.044585, 0.000000,
            -0.367607, 0.899503, 0.236133, 0.000000,
             0.046763,-0.235712, 0.970697, 0.000000,
            -0.000000, 0.094340,-0.000000, 1.000000;;
          }
          Frame Armature_Left_Leg_3_002 {
            FrameTransformMatrix {
               0.539638,-0.838468, 0.075914, 0.000000,
               0.841550, 0.534627,-0.077253, 0.000000,
               0.024188, 0.105574, 0.994117, 0.000000,
              -0.000000, 0.586856,-0.000000, 1.000000;;
            }
            Frame Armature_Left_Leg_3_003 {
              FrameTransformMatrix {
                 0.927879,-0.372851,-0.004805, 0.000000,
                 0.372808, 0.927874,-0.007945, 0.000000,
                 0.007421, 0.005581, 0.999957, 0.000000,
                -0.000000, 0.536097,-0.000000, 1.000000;;
              }
              Frame Armature_Left_Leg_3_003_end {
                FrameTransformMatrix {
                   1.000000,-0.000000,-0.000000, 0.000000,
                   0.000000, 1.000000,-0.000000, 0.000000,
                   0.000000, 0.000000, 1.000000, 0.000000,
                  -0.000000, 0.278029,-0.000000, 1.000000;;
                }
              } // End of Armature_Left_Leg_3_003_end
            } // End of Armature_Left_Leg_3_003
          } // End of Armature_Left_Leg_3_002
        } // End of Armature_Left_Leg_3_001
      } // End of Armature_Left_Leg_3
      Frame Armature_Left_Leg_4 {
        FrameTransformMatrix {
           0.135086, 0.044245,-0.989845, 0.000000,
          -0.980196,-0.140028,-0.140028, 0.000000,
          -0.144801, 0.989158, 0.024453, 0.000000,
          -0.200000,-0.000000, 0.000000, 1.000000;;
        }
        Frame Armature_Left_Leg_4_001 {
          FrameTransformMatrix {
             0.989846, 0.140028,-0.024453, 0.000000,
            -0.134355, 0.977810, 0.160736, 0.000000,
             0.046418,-0.155818, 0.986695, 0.000000,
            -0.000000, 0.071414, 0.000000, 1.000000;;
          }
          Frame Armature_Left_Leg_4_002 {
            FrameTransformMatrix {
               0.424939,-0.885920, 0.185939, 0.000000,
               0.892200, 0.375179,-0.251438, 0.000000,
               0.152994, 0.272740, 0.949845, 0.000000,
               0.000000, 0.620081, 0.000000, 1.000000;;
            }
            Frame Armature_Left_Leg_4_003 {
              FrameTransformMatrix {
                 0.990481,-0.137107,-0.012215, 0.000000,
                 0.136718, 0.990202,-0.028450, 0.000000,
                 0.015996, 0.026510, 0.999521, 0.000000,
                 0.000000, 0.448330,-0.000000, 1.000000;;
              }
              Frame Armature_Left_Leg_4_003_end {
                FrameTransformMatrix {
                   1.000000, 0.000000,-0.000000, 0.000000,
                  -0.000000, 1.000000,-0.000001, 0.000000,
                   0.000000, 0.000001, 1.000000, 0.000000,
                  -0.000000, 0.202731, 0.000000, 1.000000;;
                }
              } // End of Armature_Left_Leg_4_003_end
            } // End of Armature_Left_Leg_4_003
          } // End of Armature_Left_Leg_4_002
        } // End of Armature_Left_Leg_4_001
      } // End of Armature_Left_Leg_4
      Frame Armature_Right_Arm {
        FrameTransformMatrix {
           0.770394,-0.637568,-0.000000, 0.000000,
           0.637568, 0.770395, 0.000000, 0.000000,
          -0.000000,-0.000000, 1.000000, 0.000000,
           0.540000, 0.700000,-0.000000, 1.000000;;
        }
        Frame Armature_Right_Arm_001 {
          FrameTransformMatrix {
             0.876085, 0.482157, 0.000000, 0.000000,
            -0.482157, 0.876085, 0.000000, 0.000000,
            -0.000000,-0.000000, 1.000000, 0.000000,
            -0.000000, 0.376431,-0.000000, 1.000000;;
          }
          Frame Armature_Right_Arm_002 {
            FrameTransformMatrix {
               0.846612, 0.532211,-0.000000, 0.000000,
              -0.532211, 0.846612, 0.000000, 0.000000,
               0.000000,-0.000000, 1.000000, 0.000000,
              -0.000000, 0.427551, 0.000000, 1.000000;;
            }
            Frame Armature_Right_Claw {
              FrameTransformMatrix {
                 0.677749, 0.735293,-0.000000, 0.000000,
                -0.735293, 0.677749, 0.000000, 0.000000,
                 0.000000, 0.000000, 1.000000, 0.000000,
                 0.000000, 0.246982, 0.000000, 1.000000;;
              }
              Frame Armature_Right_Claw_end {
                FrameTransformMatrix {
                   1.000000, 0.000000, 0.000000, 0.000000,
                  -0.000000, 1.000000,-0.000000, 0.000000,
                  -0.000000, 0.000000, 1.000000, 0.000000,
                   0.000000, 0.633246, 0.000000, 1.000000;;
                }
              } // End of Armature_Right_Claw_end
            } // End of Armature_Right_Claw
            Frame Armature_Right_Claw_001 {
              FrameTransformMatrix {
                 0.934598, 0.355705,-0.000000, 0.000000,
                -0.355705, 0.934598, 0.000000, 0.000000,
                 0.000000, 0.000000, 1.000000, 0.000000,
                 0.000000, 0.246982, 0.000000, 1.000000;;
              }
              Frame Armature_Right_Claw_001_end {
                FrameTransformMatrix {
                   1.000000,-0.000000,-0.000000, 0.000000,
                   0.000000, 1.000000, 0.000000, 0.000000,
                   0.000000, 0.000000, 1.000000, 0.000000,
                   0.000000, 0.580517,-0.000000, 1.000000;;
                }
              } // End of Armature_Right_Claw_001_end
            } // End of Armature_Right_Claw_001
          } // End of Armature_Right_Arm_002
        } // End of Armature_Right_Arm_001
      } // End of Armature_Right_Arm
      Frame Armature_Right_Eye {
        FrameTransformMatrix {
           0.748034, 0.442525,-0.494587, 0.000000,
           0.000000, 0.745241, 0.666795, 0.000000,
           0.663660,-0.498785, 0.557466, 0.000000,
           0.210000, 0.780000, 0.170000, 1.000000;;
        }
        Frame Armature_Right_Eye_001 {
          FrameTransformMatrix {
             0.883279,-0.456214, 0.108110, 0.000000,
             0.455859, 0.781765,-0.425484, 0.000000,
             0.109595, 0.425104, 0.898485, 0.000000,
             0.000000, 0.254951, 0.000000, 1.000000;;
          }
          Frame Armature_Right_Eye_001_end {
            FrameTransformMatrix {
               1.000000,-0.000000,-0.000000, 0.000000,
               0.000000, 1.000000,-0.000000, 0.000000,
               0.000000, 0.000000, 1.000000, 0.000000,
              -0.000000, 0.170587,-0.000000, 1.000000;;
            }
          } // End of Armature_Right_Eye_001_end
        } // End of Armature_Right_Eye_001
      } // End of Armature_Right_Eye
      Frame Armature_Right_Leg_1 {
        FrameTransformMatrix {
          -0.000001, 0.554600,-0.832117, 0.000000,
           1.000000, 0.000000,-0.000001, 0.000000,
          -0.000000,-0.832117,-0.554600, 0.000000,
           0.620000, 0.550000, 0.010000, 1.000000;;
        }
        Frame Armature_Right_Leg_1_001 {
          FrameTransformMatrix {
             0.999989, 0.004684,-0.000330, 0.000000,
            -0.004695, 0.996428,-0.084313, 0.000000,
            -0.000066, 0.084313, 0.996439, 0.000000,
            -0.000000, 0.080000,-0.000000, 1.000000;;
          }
          Frame Armature_Right_Leg_1_002 {
            FrameTransformMatrix {
               0.544619,-0.824399, 0.154130, 0.000000,
               0.808114, 0.564996, 0.166529, 0.000000,
              -0.224369, 0.033860, 0.973916, 0.000000,
               0.000000, 0.592115, 0.000000, 1.000000;;
            }
            Frame Armature_Right_Leg_1_003 {
              FrameTransformMatrix {
                 0.948360,-0.297277,-0.110633, 0.000000,
                 0.297415, 0.954620,-0.015635, 0.000000,
                 0.110261,-0.018077, 0.993738, 0.000000,
                -0.000000, 0.516527, 0.000000, 1.000000;;
              }
              Frame Armature_Right_Leg_1_003_end {
                FrameTransformMatrix {
                   1.000000,-0.000001,-0.000000, 0.000000,
                   0.000001, 1.000000,-0.000000, 0.000000,
                   0.000000, 0.000000, 1.000000, 0.000000,
                   0.000000, 0.287576,-0.000000, 1.000000;;
                }
              } // End of Armature_Right_Leg_1_003_end
            } // End of Armature_Right_Leg_1_003
          } // End of Armature_Right_Leg_1_002
        } // End of Armature_Right_Leg_1_001
      } // End of Armature_Right_Leg_1
      Frame Armature_Right_Leg_2 {
        FrameTransformMatrix {
           0.020394, 0.982800, 0.183545, 0.000000,
           0.993884,-0.000000,-0.110432, 0.000000,
          -0.108533, 0.184675,-0.976788, 0.000000,
           0.530000, 0.310000, 0.010000, 1.000000;;
        }
        Frame Armature_Right_Leg_2_001 {
          FrameTransformMatrix {
             0.976390,-0.215764, 0.010387, 0.000000,
             0.215109, 0.966778,-0.138089, 0.000000,
             0.019753, 0.137063, 0.990365, 0.000000,
             0.000000, 0.090554, 0.000000, 1.000000;;
          }
          Frame Armature_Right_Leg_2_002 {
            FrameTransformMatrix {
               0.994091,-0.108349, 0.006580, 0.000000,
               0.029038, 0.323846, 0.945665, 0.000000,
              -0.104593,-0.939886, 0.325078, 0.000000,
               0.000000, 0.591692, 0.000000, 1.000000;;
            }
            Frame Armature_Right_Leg_2_003 {
              FrameTransformMatrix {
                 0.998312, 0.054793, 0.019247, 0.000000,
                -0.056673, 0.991538, 0.116791, 0.000000,
                -0.012685,-0.117684, 0.992970, 0.000000,
                 0.000000, 0.500999,-0.000000, 1.000000;;
              }
              Frame Armature_Right_Leg_2_003_end {
                FrameTransformMatrix {
                   1.000000, 0.000000, 0.000000, 0.000000,
                  -0.000000, 1.000000, 0.000001, 0.000000,
                  -0.000000,-0.000001, 1.000000, 0.000000,
                  -0.000000, 0.200500,-0.000000, 1.000000;;
                }
              } // End of Armature_Right_Leg_2_003_end
            } // End of Armature_Right_Leg_2_003
          } // End of Armature_Right_Leg_2_002
        } // End of Armature_Right_Leg_2_001
      } // End of Armature_Right_Leg_2
      Frame Armature_Right_Leg_3 {
        FrameTransformMatrix {
          -0.031499, 0.167592,-0.985353, 0.000000,
           0.924500,-0.369800,-0.092450, 0.000000,
          -0.379878,-0.913871,-0.143291, 0.000000,
           0.460000, 0.200000, 0.000000, 1.000000;;
        }
        Frame Armature_Right_Leg_3_001 {
          FrameTransformMatrix {
             0.986250, 0.164372,-0.017096, 0.000000,
            -0.154968, 0.883941,-0.441173, 0.000000,
            -0.057405, 0.437757, 0.897259, 0.000000,
             0.000000, 0.108166,-0.000000, 1.000000;;
          }
          Frame Armature_Right_Leg_3_002 {
            FrameTransformMatrix {
               0.533694,-0.836829,-0.122018, 0.000000,
               0.834135, 0.497145, 0.238883, 0.000000,
              -0.139244,-0.229270, 0.963352, 0.000000,
              -0.000000, 0.596155, 0.000000, 1.000000;;
            }
            Frame Armature_Right_Leg_3_003 {
              FrameTransformMatrix {
                 0.974926,-0.222047,-0.014633, 0.000000,
                 0.222529, 0.972915, 0.062592, 0.000000,
                 0.000338,-0.064279, 0.997932, 0.000000,
                 0.000000, 0.537494, 0.000000, 1.000000;;
              }
              Frame Armature_Right_Leg_3_003_end {
                FrameTransformMatrix {
                   1.000000, 0.000001,-0.000000, 0.000000,
                  -0.000001, 1.000000,-0.000000, 0.000000,
                   0.000000, 0.000000, 1.000000, 0.000000,
                   0.000000, 0.289137, 0.000000, 1.000000;;
                }
              } // End of Armature_Right_Leg_3_003_end
            } // End of Armature_Right_Leg_3_003
          } // End of Armature_Right_Leg_3_002
        } // End of Armature_Right_Leg_3_001
      } // End of Armature_Right_Leg_3
      Frame Armature_Right_Leg_4 {
        FrameTransformMatrix {
           0.265204,-0.035332, 0.963545, 0.000000,
           0.927172,-0.264906,-0.264907, 0.000000,
           0.264609, 0.963627,-0.037495, 0.000000,
           0.180000, 0.010000, 0.010000, 1.000000;;
        }
        Frame Armature_Right_Leg_4_001 {
          FrameTransformMatrix {
             0.949360,-0.310094,-0.050572, 0.000000,
             0.311594, 0.908582, 0.278188, 0.000000,
            -0.040316,-0.279859, 0.959195, 0.000000,
            -0.000000, 0.075498,-0.000000, 1.000000;;
          }
          Frame Armature_Right_Leg_4_002 {
            FrameTransformMatrix {
               0.387744, 0.919427,-0.065630, 0.000000,
              -0.903921, 0.365330,-0.222397, 0.000000,
              -0.180501, 0.145557, 0.972745, 0.000000,
               0.000000, 0.610819, 0.000000, 1.000000;;
            }
            Frame Armature_Right_Leg_4_003 {
              FrameTransformMatrix {
                 0.980287, 0.195262, 0.030183, 0.000000,
                -0.192567, 0.978393,-0.075273, 0.000000,
                -0.044229, 0.067977, 0.996706, 0.000000,
                -0.000000, 0.508626, 0.000000, 1.000000;;
              }
              Frame Armature_Right_Leg_4_003_end {
                FrameTransformMatrix {
                   1.000000,-0.000001,-0.000000, 0.000000,
                   0.000001, 1.000000, 0.000001, 0.000000,
                   0.000000,-0.000001, 1.000000, 0.000000,
                   0.000000, 0.181659, 0.000000, 1.000000;;
                }
              } // End of Armature_Right_Leg_4_003_end
            } // End of Armature_Right_Leg_4_003
          } // End of Armature_Right_Leg_4_002
        } // End of Armature_Right_Leg_4_001
      } // End of Armature_Right_Leg_4
    } // End of Armature_Body
    Frame Body {
      FrameTransformMatrix {
         0.450000,-0.000000, 0.000000, 0.000000,
         0.000000,-0.000000, 0.450000, 0.000000,
        -0.000000,-0.288000,-0.000000, 0.000000,
         0.000000, 0.200000, 0.400000, 1.000000;;
      }
      Mesh { // Body mesh
        276;
         1.000000; 0.856106; 0.222222;,
         1.269896;-0.030305; 0.222222;,
         1.000000;-0.437937; 0.222222;,
        -0.333333; 1.000000; 1.092119;,
         0.333333; 1.000000; 0.352326;,
        -0.333333; 1.000000; 0.352326;,
         1.000000; 0.856106; 1.333333;,
         1.269896;-0.030305; 1.222222;,
         1.269896; 0.584667; 1.222222;,
        -1.000000; 0.856106; 1.333333;,
        -1.269896;-0.030305; 1.222222;,
        -1.000000;-0.437937; 1.333333;,
         1.000000;-0.600000; 0.352326;,
         1.400000;-0.000000; 1.092119;,
         1.000000;-0.600000; 1.092119;,
        -1.000000; 1.000000; 1.092119;,
        -0.333333; 1.000000; 0.352326;,
        -1.000000; 1.000000; 0.352326;,
         1.000000; 1.000000; 1.092119;,
         1.400000; 0.600000; 0.352326;,
         1.000000; 1.000000; 0.352326;,
         0.333333;-1.000000; 1.092119;,
        -0.333333;-1.000000; 0.352326;,
         0.333333;-1.000000; 0.352326;,
        -1.000000;-0.600000; 1.092119;,
        -1.400000;-0.000000; 0.352326;,
        -1.000000;-0.600000; 0.352326;,
        -0.333333; 0.857127; 1.444444;,
         0.333333;-0.839904; 1.444444;,
         0.333333; 0.857127; 1.444444;,
         0.333333; 0.857127; 0.222222;,
         1.000000;-0.437937; 0.222222;,
         0.333333;-0.839904; 0.222222;,
         1.400000; 0.600000; 1.092119;,
         1.400000;-0.000000; 0.352326;,
         1.400000; 0.600000; 0.352326;,
        -1.000000; 1.000000; 0.352326;,
        -1.400000; 0.600000; 1.092119;,
        -1.000000; 1.000000; 1.092119;,
         0.333333; 0.857127; 0.222222;,
        -0.333333;-0.839904; 0.222222;,
        -0.333333; 0.857127; 0.222222;,
        -1.400000;-0.000000; 1.092119;,
        -1.400000; 0.600000; 0.352326;,
        -1.400000;-0.000000; 0.352326;,
         1.000000;-0.600000; 1.092119;,
         0.333333;-1.000000; 0.352326;,
         1.000000;-0.600000; 0.352326;,
         0.333333; 0.857127; 1.444444;,
         1.000000;-0.437937; 1.333333;,
         1.000000; 0.856106; 1.333333;,
         0.333333; 1.000000; 1.092119;,
         1.000000; 1.000000; 0.352326;,
         0.333333; 1.000000; 0.352326;,
        -0.333333;-1.000000; 1.092119;,
        -1.000000;-0.600000; 0.352326;,
        -0.333333;-1.000000; 0.352326;,
        -0.333333; 0.857127; 1.444444;,
        -1.000000;-0.437937; 1.333333;,
        -0.333333;-0.839904; 1.444444;,
        -0.333333; 0.857127; 0.222222;,
        -1.000000;-0.437937; 0.222222;,
        -1.000000; 0.856106; 0.222222;,
        -0.333333; 0.857127; 0.222222;,
        -1.000000; 1.000000; 0.352326;,
        -0.333333; 1.000000; 0.352326;,
         1.000000; 0.856106; 1.333333;,
         0.333333; 1.000000; 1.092119;,
         0.333333; 0.857127; 1.444444;,
         0.333333;-0.839904; 0.222222;,
         1.000000;-0.600000; 0.352326;,
         0.333333;-1.000000; 0.352326;,
        -0.333333;-0.839904; 1.444444;,
        -1.000000;-0.600000; 1.092119;,
        -0.333333;-1.000000; 1.092119;,
         0.333333; 0.857127; 0.222222;,
         1.000000; 1.000000; 0.352326;,
         1.000000; 0.856106; 0.222222;,
        -0.333333; 0.857127; 0.222222;,
         0.333333; 1.000000; 0.352326;,
         0.333333; 0.857127; 0.222222;,
        -1.000000; 0.856106; 1.333333;,
        -0.333333; 1.000000; 1.092119;,
        -1.000000; 1.000000; 1.092119;,
         0.333333; 0.857127; 1.444444;,
        -0.333333; 1.000000; 1.092119;,
        -0.333333; 0.857127; 1.444444;,
        -0.333333;-0.839904; 0.222222;,
        -1.000000;-0.600000; 0.352326;,
        -1.000000;-0.437937; 0.222222;,
         0.333333;-0.839904; 0.222222;,
        -0.333333;-1.000000; 0.352326;,
        -0.333333;-0.839904; 0.222222;,
         0.333333;-0.839904; 1.444444;,
         1.000000;-0.600000; 1.092119;,
         1.000000;-0.437937; 1.333333;,
        -0.333333;-0.839904; 1.444444;,
         0.333333;-1.000000; 1.092119;,
         0.333333;-0.839904; 1.444444;,
         1.269896; 0.584667; 0.222222;,
         1.400000;-0.000000; 0.352326;,
         1.269896;-0.030305; 0.222222;,
         1.269896; 0.584667; 1.222222;,
         1.400000;-0.000000; 1.092119;,
         1.400000; 0.600000; 1.092119;,
         1.000000;-0.437937; 0.222222;,
         1.400000;-0.000000; 0.352326;,
         1.000000;-0.600000; 0.352326;,
         1.269896;-0.030305; 1.222222;,
         1.000000;-0.600000; 1.092119;,
         1.400000;-0.000000; 1.092119;,
         1.400000; 0.600000; 0.352326;,
         1.000000; 0.856106; 0.222222;,
         1.000000; 1.000000; 0.352326;,
         1.000000; 1.000000; 1.092119;,
         1.269896; 0.584667; 1.222222;,
         1.400000; 0.600000; 1.092119;,
        -1.269896; 0.584667; 0.222222;,
        -1.400000;-0.000000; 0.352326;,
        -1.400000; 0.600000; 0.352326;,
        -1.269896; 0.584667; 1.222222;,
        -1.400000;-0.000000; 1.092119;,
        -1.269896;-0.030305; 1.222222;,
        -1.000000; 0.856106; 0.222222;,
        -1.400000; 0.600000; 0.352326;,
        -1.000000; 1.000000; 0.352326;,
        -1.269896; 0.584667; 1.222222;,
        -1.000000; 1.000000; 1.092119;,
        -1.400000; 0.600000; 1.092119;,
        -1.269896;-0.030305; 1.222222;,
        -1.000000;-0.600000; 1.092119;,
        -1.000000;-0.437937; 1.333333;,
        -1.000000;-0.437937; 0.222222;,
        -1.400000;-0.000000; 0.352326;,
        -1.269896;-0.030305; 0.222222;,
        -1.000000; 0.856106; 0.222222;,
        -1.269896;-0.030305; 0.222222;,
        -1.269896; 0.584667; 0.222222;,
         1.000000; 0.856106; 0.222222;,
         1.269896; 0.584667; 0.222222;,
         1.269896;-0.030305; 0.222222;,
        -0.333333; 1.000000; 1.092119;,
         0.333333; 1.000000; 1.092119;,
         0.333333; 1.000000; 0.352326;,
         1.000000; 0.856106; 1.333333;,
         1.000000;-0.437937; 1.333333;,
         1.269896;-0.030305; 1.222222;,
        -1.000000; 0.856106; 1.333333;,
        -1.269896; 0.584667; 1.222222;,
        -1.269896;-0.030305; 1.222222;,
         1.000000;-0.600000; 0.352326;,
         1.400000;-0.000000; 0.352326;,
         1.400000;-0.000000; 1.092119;,
        -1.000000; 1.000000; 1.092119;,
        -0.333333; 1.000000; 1.092119;,
        -0.333333; 1.000000; 0.352326;,
         1.000000; 1.000000; 1.092119;,
         1.400000; 0.600000; 1.092119;,
         1.400000; 0.600000; 0.352326;,
         0.333333;-1.000000; 1.092119;,
        -0.333333;-1.000000; 1.092119;,
        -0.333333;-1.000000; 0.352326;,
        -1.000000;-0.600000; 1.092119;,
        -1.400000;-0.000000; 1.092119;,
        -1.400000;-0.000000; 0.352326;,
        -0.333333; 0.857127; 1.444444;,
        -0.333333;-0.839904; 1.444444;,
         0.333333;-0.839904; 1.444444;,
         0.333333; 0.857127; 0.222222;,
         1.000000; 0.856106; 0.222222;,
         1.000000;-0.437937; 0.222222;,
         1.400000; 0.600000; 1.092119;,
         1.400000;-0.000000; 1.092119;,
         1.400000;-0.000000; 0.352326;,
        -1.000000; 1.000000; 0.352326;,
        -1.400000; 0.600000; 0.352326;,
        -1.400000; 0.600000; 1.092119;,
         0.333333; 0.857127; 0.222222;,
         0.333333;-0.839904; 0.222222;,
        -0.333333;-0.839904; 0.222222;,
        -1.400000;-0.000000; 1.092119;,
        -1.400000; 0.600000; 1.092119;,
        -1.400000; 0.600000; 0.352326;,
         1.000000;-0.600000; 1.092119;,
         0.333333;-1.000000; 1.092119;,
         0.333333;-1.000000; 0.352326;,
         0.333333; 0.857127; 1.444444;,
         0.333333;-0.839904; 1.444444;,
         1.000000;-0.437937; 1.333333;,
         0.333333; 1.000000; 1.092119;,
         1.000000; 1.000000; 1.092119;,
         1.000000; 1.000000; 0.352326;,
        -0.333333;-1.000000; 1.092119;,
        -1.000000;-0.600000; 1.092119;,
        -1.000000;-0.600000; 0.352326;,
        -0.333333; 0.857127; 1.444444;,
        -1.000000; 0.856106; 1.333333;,
        -1.000000;-0.437937; 1.333333;,
        -0.333333; 0.857127; 0.222222;,
        -0.333333;-0.839904; 0.222222;,
        -1.000000;-0.437937; 0.222222;,
        -0.333333; 0.857127; 0.222222;,
        -1.000000; 0.856106; 0.222222;,
        -1.000000; 1.000000; 0.352326;,
         1.000000; 0.856106; 1.333333;,
         1.000000; 1.000000; 1.092119;,
         0.333333; 1.000000; 1.092119;,
         0.333333;-0.839904; 0.222222;,
         1.000000;-0.437937; 0.222222;,
         1.000000;-0.600000; 0.352326;,
        -0.333333;-0.839904; 1.444444;,
        -1.000000;-0.437937; 1.333333;,
        -1.000000;-0.600000; 1.092119;,
         0.333333; 0.857127; 0.222222;,
         0.333333; 1.000000; 0.352326;,
         1.000000; 1.000000; 0.352326;,
        -0.333333; 0.857127; 0.222222;,
        -0.333333; 1.000000; 0.352326;,
         0.333333; 1.000000; 0.352326;,
        -1.000000; 0.856106; 1.333333;,
        -0.333333; 0.857127; 1.444444;,
        -0.333333; 1.000000; 1.092119;,
         0.333333; 0.857127; 1.444444;,
         0.333333; 1.000000; 1.092119;,
        -0.333333; 1.000000; 1.092119;,
        -0.333333;-0.839904; 0.222222;,
        -0.333333;-1.000000; 0.352326;,
        -1.000000;-0.600000; 0.352326;,
         0.333333;-0.839904; 0.222222;,
         0.333333;-1.000000; 0.352326;,
        -0.333333;-1.000000; 0.352326;,
         0.333333;-0.839904; 1.444444;,
         0.333333;-1.000000; 1.092119;,
         1.000000;-0.600000; 1.092119;,
        -0.333333;-0.839904; 1.444444;,
        -0.333333;-1.000000; 1.092119;,
         0.333333;-1.000000; 1.092119;,
         1.269896; 0.584667; 0.222222;,
         1.400000; 0.600000; 0.352326;,
         1.400000;-0.000000; 0.352326;,
         1.269896; 0.584667; 1.222222;,
         1.269896;-0.030305; 1.222222;,
         1.400000;-0.000000; 1.092119;,
         1.000000;-0.437937; 0.222222;,
         1.269896;-0.030305; 0.222222;,
         1.400000;-0.000000; 0.352326;,
         1.269896;-0.030305; 1.222222;,
         1.000000;-0.437937; 1.333333;,
         1.000000;-0.600000; 1.092119;,
         1.400000; 0.600000; 0.352326;,
         1.269896; 0.584667; 0.222222;,
         1.000000; 0.856106; 0.222222;,
         1.000000; 1.000000; 1.092119;,
         1.000000; 0.856106; 1.333333;,
         1.269896; 0.584667; 1.222222;,
        -1.269896; 0.584667; 0.222222;,
        -1.269896;-0.030305; 0.222222;,
        -1.400000;-0.000000; 0.352326;,
        -1.269896; 0.584667; 1.222222;,
        -1.400000; 0.600000; 1.092119;,
        -1.400000;-0.000000; 1.092119;,
        -1.000000; 0.856106; 0.222222;,
        -1.269896; 0.584667; 0.222222;,
        -1.400000; 0.600000; 0.352326;,
        -1.269896; 0.584667; 1.222222;,
        -1.000000; 0.856106; 1.333333;,
        -1.000000; 1.000000; 1.092119;,
        -1.269896;-0.030305; 1.222222;,
        -1.400000;-0.000000; 1.092119;,
        -1.000000;-0.600000; 1.092119;,
        -1.000000;-0.437937; 0.222222;,
        -1.000000;-0.600000; 0.352326;,
        -1.400000;-0.000000; 0.352326;,
        -1.000000; 0.856106; 0.222222;,
        -1.000000;-0.437937; 0.222222;,
        -1.269896;-0.030305; 0.222222;;
        92;
        3;0,1,2;,
        3;3,4,5;,
        3;6,7,8;,
        3;9,10,11;,
        3;12,13,14;,
        3;15,16,17;,
        3;18,19,20;,
        3;21,22,23;,
        3;24,25,26;,
        3;27,28,29;,
        3;30,31,32;,
        3;33,34,35;,
        3;36,37,38;,
        3;39,40,41;,
        3;42,43,44;,
        3;45,46,47;,
        3;48,49,50;,
        3;51,52,53;,
        3;54,55,56;,
        3;57,58,59;,
        3;60,61,62;,
        3;63,64,65;,
        3;66,67,68;,
        3;69,70,71;,
        3;72,73,74;,
        3;75,76,77;,
        3;78,79,80;,
        3;81,82,83;,
        3;84,85,86;,
        3;87,88,89;,
        3;90,91,92;,
        3;93,94,95;,
        3;96,97,98;,
        3;99,100,101;,
        3;102,103,104;,
        3;105,106,107;,
        3;108,109,110;,
        3;111,112,113;,
        3;114,115,116;,
        3;117,118,119;,
        3;120,121,122;,
        3;123,124,125;,
        3;126,127,128;,
        3;129,130,131;,
        3;132,133,134;,
        3;135,136,137;,
        3;138,139,140;,
        3;141,142,143;,
        3;144,145,146;,
        3;147,148,149;,
        3;150,151,152;,
        3;153,154,155;,
        3;156,157,158;,
        3;159,160,161;,
        3;162,163,164;,
        3;165,166,167;,
        3;168,169,170;,
        3;171,172,173;,
        3;174,175,176;,
        3;177,178,179;,
        3;180,181,182;,
        3;183,184,185;,
        3;186,187,188;,
        3;189,190,191;,
        3;192,193,194;,
        3;195,196,197;,
        3;198,199,200;,
        3;201,202,203;,
        3;204,205,206;,
        3;207,208,209;,
        3;210,211,212;,
        3;213,214,215;,
        3;216,217,218;,
        3;219,220,221;,
        3;222,223,224;,
        3;225,226,227;,
        3;228,229,230;,
        3;231,232,233;,
        3;234,235,236;,
        3;237,238,239;,
        3;240,241,242;,
        3;243,244,245;,
        3;246,247,248;,
        3;249,250,251;,
        3;252,253,254;,
        3;255,256,257;,
        3;258,259,260;,
        3;261,262,263;,
        3;264,265,266;,
        3;267,268,269;,
        3;270,271,272;,
        3;273,274,275;;
        MeshNormals { // Body normals
          276;
           0.217261; 0.409864;-0.885861;,
           0.447920;-0.175542;-0.876644;,
           0.357799;-0.312021;-0.880093;,
          -0.012207; 0.979522; 0.200812;,
           0.000000; 0.914670;-0.404157;,
           0.000000; 0.914670;-0.404157;,
           0.380383; 0.516770; 0.766930;,
           0.611194;-0.179510; 0.770837;,
           0.584338; 0.218665; 0.781457;,
          -0.380383; 0.516770; 0.766930;,
          -0.611194;-0.179510; 0.770837;,
          -0.547624;-0.359569; 0.755486;,
           0.626087;-0.693716;-0.355998;,
           0.905301;-0.251778; 0.342082;,
           0.675497;-0.705527; 0.214270;,
          -0.367565; 0.895871; 0.249550;,
           0.000000; 0.914670;-0.404157;,
          -0.338939; 0.868496;-0.361675;,
           0.367565; 0.895871; 0.249550;,
           0.871059; 0.345866;-0.348704;,
           0.338939; 0.868496;-0.361675;,
           0.254128;-0.946440; 0.199042;,
          -0.235298;-0.886715;-0.397931;,
           0.235298;-0.886715;-0.397931;,
          -0.675497;-0.705527; 0.214270;,
          -0.905454;-0.251503;-0.341868;,
          -0.626087;-0.693716;-0.355998;,
          -0.068667; 0.545183; 0.835475;,
           0.201483;-0.562090; 0.802149;,
           0.068667; 0.545183; 0.835475;,
           0.000031; 0.360973;-0.932554;,
           0.357799;-0.312021;-0.880093;,
           0.122471;-0.376965;-0.918058;,
           0.870876; 0.346080; 0.348918;,
           0.905454;-0.251503;-0.341868;,
           0.871059; 0.345866;-0.348704;,
          -0.338939; 0.868496;-0.361675;,
          -0.870876; 0.346080; 0.348918;,
          -0.367565; 0.895871; 0.249550;,
           0.000031; 0.360973;-0.932554;,
          -0.122471;-0.376965;-0.918058;,
          -0.000031; 0.360973;-0.932554;,
          -0.905301;-0.251778; 0.342082;,
          -0.871059; 0.345866;-0.348704;,
          -0.905454;-0.251503;-0.341868;,
           0.675497;-0.705527; 0.214270;,
           0.235298;-0.886715;-0.397931;,
           0.626087;-0.693716;-0.355998;,
           0.068667; 0.545183; 0.835475;,
           0.547624;-0.359569; 0.755516;,
           0.380383; 0.516770; 0.766930;,
           0.012207; 0.979522; 0.200812;,
           0.338939; 0.868496;-0.361675;,
           0.000000; 0.914670;-0.404157;,
          -0.254128;-0.946440; 0.199042;,
          -0.626087;-0.693716;-0.355998;,
          -0.235298;-0.886715;-0.397931;,
          -0.068667; 0.545183; 0.835475;,
          -0.547624;-0.359569; 0.755486;,
          -0.201483;-0.562090; 0.802149;,
          -0.000031; 0.360973;-0.932554;,
          -0.357799;-0.312021;-0.880093;,
          -0.217261; 0.409864;-0.885861;,
          -0.000031; 0.360973;-0.932554;,
          -0.338939; 0.868496;-0.361675;,
           0.000000; 0.914670;-0.404157;,
           0.380383; 0.516770; 0.766930;,
           0.012207; 0.979522; 0.200812;,
           0.068667; 0.545183; 0.835475;,
           0.122471;-0.376965;-0.918058;,
           0.626087;-0.693716;-0.355998;,
           0.235298;-0.886715;-0.397931;,
          -0.201483;-0.562090; 0.802149;,
          -0.675497;-0.705527; 0.214270;,
          -0.254128;-0.946440; 0.199042;,
           0.000031; 0.360973;-0.932554;,
           0.338939; 0.868496;-0.361675;,
           0.217261; 0.409864;-0.885861;,
          -0.000031; 0.360973;-0.932554;,
           0.000000; 0.914670;-0.404157;,
           0.000031; 0.360973;-0.932554;,
          -0.380383; 0.516770; 0.766930;,
          -0.012207; 0.979522; 0.200812;,
          -0.367565; 0.895871; 0.249550;,
           0.068667; 0.545183; 0.835475;,
          -0.012207; 0.979522; 0.200812;,
          -0.068667; 0.545183; 0.835475;,
          -0.122471;-0.376965;-0.918058;,
          -0.626087;-0.693716;-0.355998;,
          -0.357799;-0.312021;-0.880093;,
           0.122471;-0.376965;-0.918058;,
          -0.235298;-0.886715;-0.397931;,
          -0.122471;-0.376965;-0.918058;,
