xof 0303txt 0032

template XSkinMeshHeader {
  <3cf169ce-ff7c-44ab-93c0-f78f62d172e2>
  WORD nMaxSkinWeightsPerVertex;
  WORD nMaxSkinWeightsPerFace;
  WORD nBones;
}

template SkinWeights {
  <6f0d123b-bad2-4167-a0d0-80224f25fabb>
  STRING transformNodeName;
  DWORD nWeights;
  array DWORD vertexIndices[nWeights];
  array float weights[nWeights];
  Matrix4x4 matrixOffset;
}

Frame Root {
  FrameTransformMatrix {
     1.000000, 0.000000, 0.000000, 0.000000,
     0.000000,-0.000000,-1.000000, 0.000000,
     0.000000, 1.000000,-0.000000, 0.000000,
     0.000000, 0.000000, 0.000000, 1.000000;;
  }
  Frame Armature {
    FrameTransformMatrix {
       0.000043,100.000000, 0.000003, 0.000000,
       0.000016, 0.000003,-100.000000, 0.000000,
      -100.000000, 0.000043,-0.000016, 0.000000,
      40.000000, 0.000000,60.000000, 1.000000;;
    }
    Frame Armature_Body {
      FrameTransformMatrix {
         0.999894, 0.001530,-0.014474, 0.000000,
         0.014476,-0.001416, 0.999894, 0.000000,
         0.001510,-0.999998,-0.001438, 0.000000,
         0.034763, 0.001890, 0.000000, 1.000000;;
      }
      Frame Armature_Left_Arm {
        FrameTransformMatrix {
           0.867231, 0.497883, 0.004731, 0.000000,
          -0.497905, 0.867191, 0.008327, 0.000000,
           0.000043,-0.009577, 0.999954, 0.000000,
          -0.540000, 0.700000,-0.000000, 1.000000;;
        }
        Frame Armature_Left_Arm_001 {
          FrameTransformMatrix {
             0.917354,-0.398072,-0.000735, 0.000000,
             0.398072, 0.917354,-0.001150, 0.000000,
             0.001132, 0.000762, 0.999999, 0.000000,
            -0.000000, 0.241868,-0.000000, 1.000000;;
          }
          Frame Armature_Left_Arm_002 {
            FrameTransformMatrix {
               0.993677,-0.112271,-0.001206, 0.000000,
               0.111973, 0.990138, 0.084192, 0.000000,
              -0.008259,-0.083794, 0.996449, 0.000000,
               0.000000, 0.271662, 0.000000, 1.000000;;
            }
            Frame Armature_Left_Claw {
              FrameTransformMatrix {
                 0.879764,-0.458014, 0.127427, 0.000000,
                 0.475340, 0.842874,-0.252219, 0.000000,
                 0.008115, 0.282465, 0.959243, 0.000000,
                -0.000000, 0.230868,-0.000000, 1.000000;;
              }
              Frame Armature_Left_Claw_end {
                FrameTransformMatrix {
                   1.000000,-0.000000, 0.000000, 0.000000,
                   0.000000, 1.000000,-0.000000, 0.000000,
                  -0.000000, 0.000000, 1.000000, 0.000000,
                  -0.000000, 0.336601,-0.000000, 1.000000;;
                }
              } // End of Armature_Left_Claw_end
            } // End of Armature_Left_Claw
            Frame Armature_Left_Claw_001 {
              FrameTransformMatrix {
                 0.867402,-0.491739,-0.076201, 0.000000,
                 0.497576, 0.855362, 0.144132, 0.000000,
                -0.005696,-0.162936, 0.986620, 0.000000,
                -0.000000, 0.230868,-0.000000, 1.000000;;
              }
              Frame Armature_Left_Claw_001_end {
                FrameTransformMatrix {
                   1.000000,-0.000000, 0.000001, 0.000000,
                   0.000000, 1.000000,-0.000000, 0.000000,
                  -0.000000, 0.000000, 1.000000, 0.000000,
                  -0.000000, 0.321559,-0.000000, 1.000000;;
                }
              } // End of Armature_Left_Claw_001_end
            } // End of Armature_Left_Claw_001
          } // End of Armature_Left_Arm_002
        } // End of Armature_Left_Arm_001
      } // End of Armature_Left_Arm
      Frame Armature_Left_Eye {
        FrameTransformMatrix {
           0.748034, 0.442525,-0.494587, 0.000000,
           0.000000, 0.745241, 0.666795, 0.000000,
           0.663660,-0.498785, 0.557466, 0.000000,
          -0.210000, 0.780000, 0.170000, 1.000000;;
        }
        Frame Armature_Left_Eye_001 {
          FrameTransformMatrix {
             0.883279,-0.456213, 0.108110, 0.000000,
             0.455859, 0.781765,-0.425484, 0.000000,
             0.109595, 0.425104, 0.898485, 0.000000,
            -0.000000, 0.254951,-0.000000, 1.000000;;
          }
          Frame Armature_Left_Eye_001_end {
            FrameTransformMatrix {
               1.000000,-0.000000, 0.000000, 0.000000,
               0.000000, 1.000000,-0.000000, 0.000000,
              -0.000000, 0.000000, 1.000000, 0.000000,
              -0.000000, 0.170587,-0.000000, 1.000000;;
            }
          } // End of Armature_Left_Eye_001_end
        } // End of Armature_Left_Eye_001
      } // End of Armature_Left_Eye
      Frame Armature_Left_Leg_1 {
        FrameTransformMatrix {
           0.103531,-0.550716,-0.828247, 0.000000,
          -0.992278, 0.000000,-0.124035, 0.000000,
           0.068308, 0.834693,-0.546463, 0.000000,
          -0.620000, 0.550000, 0.040000, 1.000000;;
        }
        Frame Armature_Left_Leg_1_001 {
          FrameTransformMatrix {
             0.985750, 0.168115,-0.005769, 0.000000,
            -0.168212, 0.985336,-0.028604, 0.000000,
             0.000876, 0.029167, 0.999574, 0.000000,
            -0.000000, 0.080623,-0.000000, 1.000000;;
          }
          Frame Armature_Left_Leg_1_002 {
            FrameTransformMatrix {
               0.830648,-0.546183,-0.108201, 0.000000,
               0.471466, 0.586559, 0.658534, 0.000000,
              -0.296214,-0.598024, 0.744731, 0.000000,
               0.000000, 0.581722,-0.000000, 1.000000;;
            }
            Frame Armature_Left_Leg_1_003 {
              FrameTransformMatrix {
                 0.969768,-0.243734, 0.011994, 0.000000,
                 0.233646, 0.941568, 0.242606, 0.000000,
                -0.070425,-0.232469, 0.970050, 0.000000,
                 0.000000, 0.542955, 0.000000, 1.000000;;
              }
              Frame Armature_Left_Leg_1_003_end {
                FrameTransformMatrix {
                   1.000000, 0.000001,-0.000000, 0.000000,
                  -0.000001, 1.000000,-0.000001, 0.000000,
                   0.000000, 0.000001, 1.000000, 0.000000,
                   0.000000, 0.280892,-0.000000, 1.000000;;
                }
              } // End of Armature_Left_Leg_1_003_end
            } // End of Armature_Left_Leg_1_003
          } // End of Armature_Left_Leg_1_002
        } // End of Armature_Left_Leg_1_001
      } // End of Armature_Left_Leg_1
      Frame Armature_Left_Leg_2 {
        FrameTransformMatrix {
           0.056349,-0.480655,-0.875098, 0.000000,
          -0.980196, 0.140028,-0.140028, 0.000000,
           0.189843, 0.865658,-0.463246, 0.000000,
          -0.540000, 0.300000, 0.020000, 1.000000;;
        }
        Frame Armature_Left_Leg_2_001 {
          FrameTransformMatrix {
             0.980738, 0.184552,-0.063985, 0.000000,
            -0.187740, 0.981047,-0.047961, 0.000000,
             0.053921, 0.059050, 0.996797, 0.000000,
             0.000000, 0.071414, 0.000000, 1.000000;;
          }
          Frame Armature_Left_Leg_2_002 {
            FrameTransformMatrix {
               0.654353,-0.683710,-0.323054, 0.000000,
               0.685842, 0.356655, 0.634364, 0.000000,
              -0.318502,-0.636662, 0.702295, 0.000000,
              -0.000000, 0.591101,-0.000000, 1.000000;;
            }
            Frame Armature_Left_Leg_2_003 {
              FrameTransformMatrix {
                 0.997632,-0.068763,-0.001672, 0.000000,
                 0.068675, 0.994406, 0.080254, 0.000000,
                -0.003856,-0.080179, 0.996773, 0.000000,
                -0.000000, 0.501797, 0.000000, 1.000000;;
              }
              Frame Armature_Left_Leg_2_003_end {
                FrameTransformMatrix {
                   1.000000, 0.000000, 0.000000, 0.000000,
                  -0.000000, 1.000000, 0.000001, 0.000000,
                  -0.000000,-0.000001, 1.000000, 0.000000,
                   0.000000, 0.193391, 0.000000, 1.000000;;
                }
              } // End of Armature_Left_Leg_2_003_end
            } // End of Armature_Left_Leg_2_003
          } // End of Armature_Left_Leg_2_002
        } // End of Armature_Left_Leg_2_001
      } // End of Armature_Left_Leg_2
      Frame Armature_Left_Leg_3 {
        FrameTransformMatrix {
           0.232840,-0.078433,-0.969347, 0.000000,
          -0.953998,-0.212000,-0.211999, 0.000000,
          -0.188873, 0.974117,-0.124187, 0.000000,
          -0.470000, 0.180000, 0.000000, 1.000000;;
        }
        Frame Armature_Left_Leg_3_001 {
          FrameTransformMatrix {
             0.929410, 0.366379, 0.044308, 0.000000,
            -0.366074, 0.900035, 0.236488, 0.000000,
             0.046765,-0.236014, 0.970624, 0.000000,
            -0.000000, 0.094340,-0.000000, 1.000000;;
          }
          Frame Armature_Left_Leg_3_002 {
            FrameTransformMatrix {
               0.541336,-0.837361, 0.076041, 0.000000,
               0.840462, 0.536309,-0.077442, 0.000000,
               0.024065, 0.105832, 0.994093, 0.000000,
              -0.000000, 0.586856, 0.000000, 1.000000;;
            }
            Frame Armature_Left_Leg_3_003 {
              FrameTransformMatrix {
                 0.927879,-0.372851,-0.004805, 0.000000,
                 0.372808, 0.927874,-0.007945, 0.000000,
                 0.007421, 0.005581, 0.999957, 0.000000,
                -0.000000, 0.536097,-0.000000, 1.000000;;
              }
              Frame Armature_Left_Leg_3_003_end {
                FrameTransformMatrix {
                   1.000000,-0.000000,-0.000000, 0.000000,
                   0.000000, 1.000000,-0.000000, 0.000000,
                   0.000000, 0.000000, 1.000000, 0.000000,
                   0.000000, 0.278029,-0.000000, 1.000000;;
                }
              } // End of Armature_Left_Leg_3_003_end
            } // End of Armature_Left_Leg_3_003
          } // End of Armature_Left_Leg_3_002
        } // End of Armature_Left_Leg_3_001
      } // End of Armature_Left_Leg_3
      Frame Armature_Left_Leg_4 {
        FrameTransformMatrix {
           0.135086, 0.044245,-0.989845, 0.000000,
          -0.980196,-0.140028,-0.140028, 0.000000,
          -0.144801, 0.989158, 0.024453, 0.000000,
          -0.200000,-0.000000, 0.000000, 1.000000;;
        }
        Frame Armature_Left_Leg_4_001 {
          FrameTransformMatrix {
             0.989846, 0.140028,-0.024453, 0.000000,
            -0.134355, 0.977810, 0.160736, 0.000000,
             0.046418,-0.155818, 0.986695, 0.000000,
             0.000000, 0.071414, 0.000000, 1.000000;;
          }
          Frame Armature_Left_Leg_4_002 {
            FrameTransformMatrix {
               0.426748,-0.885061, 0.185884, 0.000000,
               0.891412, 0.376981,-0.251534, 0.000000,
               0.152548, 0.273041, 0.949830, 0.000000,
              -0.000000, 0.620081, 0.000000, 1.000000;;
            }
            Frame Armature_Left_Leg_4_003 {
              FrameTransformMatrix {
                 0.990481,-0.137107,-0.012215, 0.000000,
                 0.136718, 0.990202,-0.028450, 0.000000,
                 0.015996, 0.026510, 0.999521, 0.000000,
                 0.000000, 0.448330,-0.000000, 1.000000;;
              }
              Frame Armature_Left_Leg_4_003_end {
                FrameTransformMatrix {
                   1.000000, 0.000000,-0.000000, 0.000000,
                  -0.000000, 1.000000,-0.000001, 0.000000,
                   0.000000, 0.000001, 1.000000, 0.000000,
                  -0.000000, 0.202732, 0.000000, 1.000000;;
                }
              } // End of Armature_Left_Leg_4_003_end
            } // End of Armature_Left_Leg_4_003
          } // End of Armature_Left_Leg_4_002
        } // End of Armature_Left_Leg_4_001
      } // End of Armature_Left_Leg_4
      Frame Armature_Right_Arm {
        FrameTransformMatrix {
           0.768609,-0.639713, 0.002567, 0.000000,
           0.639713, 0.768580,-0.007252, 0.000000,
           0.002666, 0.007216, 0.999970, 0.000000,
           0.540000, 0.700000,-0.000000, 1.000000;;
        }
        Frame Armature_Right_Arm_001 {
          FrameTransformMatrix {
             0.875270, 0.483634, 0.000763, 0.000000,
            -0.483632, 0.875259, 0.004575, 0.000000,
             0.001545,-0.004373, 0.999989, 0.000000,
            -0.000000, 0.376431, 0.000000, 1.000000;;
          }
          Frame Armature_Right_Arm_002 {
            FrameTransformMatrix {
               0.845115, 0.534560, 0.005112, 0.000000,
              -0.534583, 0.845096, 0.005748, 0.000000,
              -0.001248,-0.007591, 0.999970, 0.000000,
              -0.000000, 0.427551, 0.000000, 1.000000;;
            }
            Frame Armature_Right_Claw {
              FrameTransformMatrix {
                 0.675322, 0.737522,-0.000000, 0.000000,
                -0.737522, 0.675323, 0.000000, 0.000000,
                 0.000000, 0.000000, 1.000000, 0.000000,
                -0.000000, 0.246982, 0.000000, 1.000000;;
              }
              Frame Armature_Right_Claw_end {
                FrameTransformMatrix {
                   1.000000, 0.000000,-0.000000, 0.000000,
                  -0.000000, 1.000000, 0.000000, 0.000000,
                  -0.000000, 0.000000, 1.000000, 0.000000,
                   0.000000, 0.633246,-0.000000, 1.000000;;
                }
              } // End of Armature_Right_Claw_end
            } // End of Armature_Right_Claw
            Frame Armature_Right_Claw_001 {
              FrameTransformMatrix {
                 0.936914, 0.349560,-0.000000, 0.000000,
                -0.349560, 0.936914, 0.000000, 0.000000,
                 0.000000, 0.000000, 1.000000, 0.000000,
                -0.000000, 0.246982, 0.000000, 1.000000;;
              }
              Frame Armature_Right_Claw_001_end {
                FrameTransformMatrix {
                   1.000000,-0.000000, 0.000000, 0.000000,
                   0.000000, 1.000000,-0.000000, 0.000000,
                  -0.000000,-0.000000, 1.000000, 0.000000,
                  -0.000000, 0.580517, 0.000000, 1.000000;;
                }
              } // End of Armature_Right_Claw_001_end
            } // End of Armature_Right_Claw_001
          } // End of Armature_Right_Arm_002
        } // End of Armature_Right_Arm_001
      } // End of Armature_Right_Arm
      Frame Armature_Right_Eye {
        FrameTransformMatrix {
           0.748034, 0.442525,-0.494587, 0.000000,
           0.000000, 0.745241, 0.666795, 0.000000,
           0.663660,-0.498785, 0.557466, 0.000000,
           0.210000, 0.780000, 0.170000, 1.000000;;
        }
        Frame Armature_Right_Eye_001 {
          FrameTransformMatrix {
             0.883279,-0.456214, 0.108110, 0.000000,
             0.455859, 0.781765,-0.425484, 0.000000,
             0.109595, 0.425104, 0.898485, 0.000000,
             0.000000, 0.254951,-0.000000, 1.000000;;
          }
          Frame Armature_Right_Eye_001_end {
            FrameTransformMatrix {
               1.000000,-0.000000,-0.000000, 0.000000,
               0.000000, 1.000000,-0.000000, 0.000000,
               0.000000, 0.000000, 1.000000, 0.000000,
               0.000000, 0.170587, 0.000000, 1.000000;;
            }
          } // End of Armature_Right_Eye_001_end
        } // End of Armature_Right_Eye_001
      } // End of Armature_Right_Eye
      Frame Armature_Right_Leg_1 {
        FrameTransformMatrix {
          -0.000001, 0.554600,-0.832117, 0.000000,
           1.000000, 0.000000,-0.000001, 0.000000,
          -0.000000,-0.832117,-0.554600, 0.000000,
           0.620000, 0.550000, 0.010000, 1.000000;;
        }
        Frame Armature_Right_Leg_1_001 {
          FrameTransformMatrix {
             0.999934, 0.011494,-0.000367, 0.000000,
            -0.011481, 0.995980,-0.088836, 0.000000,
            -0.000655, 0.088834, 0.996046, 0.000000,
             0.000000, 0.080000,-0.000000, 1.000000;;
          }
          Frame Armature_Right_Leg_1_002 {
            FrameTransformMatrix {
               0.538005,-0.829618, 0.149279, 0.000000,
               0.812782, 0.557504, 0.169042, 0.000000,
              -0.223464, 0.030386, 0.974239, 0.000000,
               0.000000, 0.592115,-0.000000, 1.000000;;
            }
            Frame Armature_Right_Leg_1_003 {
              FrameTransformMatrix {
                 0.944205,-0.308493,-0.115368, 0.000000,
                 0.308813, 0.950996,-0.015542, 0.000000,
                 0.114509,-0.020953, 0.993201, 0.000000,
                 0.000000, 0.516527,-0.000000, 1.000000;;
              }
              Frame Armature_Right_Leg_1_003_end {
                FrameTransformMatrix {
                   1.000000,-0.000001,-0.000000, 0.000000,
                   0.000001, 1.000000,-0.000000, 0.000000,
                   0.000000, 0.000000, 1.000000, 0.000000,
                  -0.000000, 0.287576, 0.000000, 1.000000;;
                }
              } // End of Armature_Right_Leg_1_003_end
            } // End of Armature_Right_Leg_1_003
          } // End of Armature_Right_Leg_1_002
        } // End of Armature_Right_Leg_1_001
      } // End of Armature_Right_Leg_1
      Frame Armature_Right_Leg_2 {
        FrameTransformMatrix {
           0.020394, 0.982800, 0.183545, 0.000000,
           0.993884,-0.000000,-0.110432, 0.000000,
          -0.108533, 0.184675,-0.976789, 0.000000,
           0.530000, 0.310000, 0.010000, 1.000000;;
        }
        Frame Armature_Right_Leg_2_001 {
          FrameTransformMatrix {
             0.976128,-0.216877, 0.011783, 0.000000,
             0.216281, 0.965605,-0.144325, 0.000000,
             0.019923, 0.143428, 0.989460, 0.000000,
             0.000000, 0.090554, 0.000000, 1.000000;;
          }
          Frame Armature_Right_Leg_2_002 {
            FrameTransformMatrix {
               0.994313,-0.106428, 0.003759, 0.000000,
               0.030129, 0.314987, 0.948618, 0.000000,
              -0.102144,-0.943110, 0.316402, 0.000000,
               0.000000, 0.591693,-0.000000, 1.000000;;
            }
            Frame Armature_Right_Leg_2_003 {
              FrameTransformMatrix {
                 0.998521, 0.051869, 0.016282, 0.000000,
                -0.053540, 0.990197, 0.129010, 0.000000,
                -0.009431,-0.129691, 0.991509, 0.000000,
                -0.000000, 0.500999,-0.000000, 1.000000;;
              }
              Frame Armature_Right_Leg_2_003_end {
                FrameTransformMatrix {
                   1.000000, 0.000000, 0.000000, 0.000000,
                  -0.000000, 1.000000, 0.000001, 0.000000,
                  -0.000000,-0.000001, 1.000000, 0.000000,
                   0.000000, 0.200500, 0.000000, 1.000000;;
                }
              } // End of Armature_Right_Leg_2_003_end
            } // End of Armature_Right_Leg_2_003
          } // End of Armature_Right_Leg_2_002
        } // End of Armature_Right_Leg_2_001
      } // End of Armature_Right_Leg_2
      Frame Armature_Right_Leg_3 {
        FrameTransformMatrix {
          -0.031499, 0.167592,-0.985353, 0.000000,
           0.924500,-0.369800,-0.092450, 0.000000,
          -0.379878,-0.913871,-0.143291, 0.000000,
           0.460000, 0.200000, 0.000000, 1.000000;;
        }
        Frame Armature_Right_Leg_3_001 {
          FrameTransformMatrix {
             0.985201, 0.170267,-0.019674, 0.000000,
            -0.161332, 0.882439,-0.441898, 0.000000,
            -0.057880, 0.438533, 0.896850, 0.000000,
             0.000000, 0.108167, 0.000000, 1.000000;;
          }
          Frame Armature_Right_Leg_3_002 {
            FrameTransformMatrix {
               0.525486,-0.841825,-0.123266, 0.000000,
               0.839021, 0.488714, 0.239170, 0.000000,
              -0.141098,-0.229103, 0.963121, 0.000000,
              -0.000000, 0.596154, 0.000000, 1.000000;;
            }
            Frame Armature_Right_Leg_3_003 {
              FrameTransformMatrix {
                 0.970649,-0.240140,-0.013201, 0.000000,
                 0.240484, 0.968426, 0.065712, 0.000000,
                -0.002996,-0.066958, 0.997751, 0.000000,
                -0.000000, 0.537494,-0.000000, 1.000000;;
              }
              Frame Armature_Right_Leg_3_003_end {
                FrameTransformMatrix {
                   1.000000, 0.000001,-0.000000, 0.000000,
                  -0.000001, 1.000000,-0.000000, 0.000000,
                   0.000000, 0.000000, 1.000000, 0.000000,
                  -0.000000, 0.289137, 0.000000, 1.000000;;
                }
              } // End of Armature_Right_Leg_3_003_end
            } // End of Armature_Right_Leg_3_003
          } // End of Armature_Right_Leg_3_002
        } // End of Armature_Right_Leg_3_001
      } // End of Armature_Right_Leg_3
      Frame Armature_Right_Leg_4 {
        FrameTransformMatrix {
           0.265204,-0.035332, 0.963545, 0.000000,
           0.927172,-0.264906,-0.264907, 0.000000,
           0.264609, 0.963627,-0.037495, 0.000000,
           0.180000, 0.010000, 0.010000, 1.000000;;
        }
        Frame Armature_Right_Leg_4_001 {
          FrameTransformMatrix {
             0.947807,-0.314597,-0.051866, 0.000000,
             0.316282, 0.907089, 0.277769, 0.000000,
            -0.040338,-0.279676, 0.959247, 0.000000,
            -0.000000, 0.075498,-0.000000, 1.000000;;
          }
          Frame Armature_Right_Leg_4_002 {
            FrameTransformMatrix {
               0.378713, 0.923177,-0.065720, 0.000000,
              -0.907516, 0.356476,-0.222122, 0.000000,
              -0.181631, 0.143762, 0.972801, 0.000000,
               0.000000, 0.610819, 0.000000, 1.000000;;
            }
            Frame Armature_Right_Leg_4_003 {
              FrameTransformMatrix {
                 0.977656, 0.207639, 0.032792, 0.000000,
                -0.204688, 0.975836,-0.076469, 0.000000,
                -0.047877, 0.068049, 0.996533, 0.000000,
                -0.000000, 0.508626,-0.000000, 1.000000;;
              }
              Frame Armature_Right_Leg_4_003_end {
                FrameTransformMatrix {
                   1.000000,-0.000001,-0.000000, 0.000000,
                   0.000001, 1.000000, 0.000001, 0.000000,
                   0.000000,-0.000001, 1.000000, 0.000000,
                   0.000000, 0.181659,-0.000000, 1.000000;;
                }
              } // End of Armature_Right_Leg_4_003_end
            } // End of Armature_Right_Leg_4_003
          } // End of Armature_Right_Leg_4_002
        } // End of Armature_Right_Leg_4_001
      } // End of Armature_Right_Leg_4
    } // End of Armature_Body
    Frame Body {
      FrameTransformMatrix {
         0.450000, 0.000000, 0.000000, 0.000000,
         0.000000,-0.000000, 0.450000, 0.000000,
        -0.000000,-0.288000,-0.000000, 0.000000,
        -0.000000, 0.200000, 0.400000, 1.000000;;
      }
    } // End of Body
    Frame Claws_L {
      FrameTransformMatrix {
         0.076604, 0.000000, 0.064279, 0.000000,
         0.000000,-0.100000,-0.000000, 0.000000,
         0.064279, 0.000000,-0.076604, 0.000000,
        -0.570000,-0.010000, 0.770000, 1.000000;;
      }
    } // End of Claws_L
    Frame Claws_R {
      FrameTransformMatrix {
         0.000000, 0.098000, 0.000000, 0.000000,
        -0.080277,-0.000000, 0.056210, 0.000000,
         0.281052,-0.000000, 0.401384, 0.000000,
         0.770000,-0.010000, 1.000000, 1.000000;;
      }
    } // End of Claws_R
    Frame Eye {
      FrameTransformMatrix {
         0.024578, 0.001918, 0.004150, 0.000000,
        -0.004041, 0.019731, 0.014811, 0.000000,
        -0.002139,-0.015232, 0.019708, 0.000000,
         0.211381,-0.190442, 0.811159, 1.000000;;
      }
    } // End of Eye
    Frame Leg_1 {
      FrameTransformMatrix {
        -0.020397,-0.042984,-0.015373, 0.000000,
        -0.003853, 0.018398,-0.046332, 0.000000,
         0.045488,-0.017716,-0.010818, 0.000000,
        -0.641234,-0.020000, 0.542543, 1.000000;;
      }
    } // End of Leg_1
    Frame Leg_2 {
      FrameTransformMatrix {
        -0.010562,-0.048297,-0.007472, 0.000000,
        -0.009694, 0.009563,-0.048110, 0.000000,
         0.047901,-0.008714,-0.011384, 0.000000,
        -0.558766,-0.020000, 0.307457, 1.000000;;
      }
    } // End of Leg_2
    Frame Leg_3 {
      FrameTransformMatrix {
        -0.017037,-0.046254, 0.008387, 0.000000,
        -0.000757,-0.008649,-0.049240, 0.000000,
         0.047002,-0.016905, 0.002247, 0.000000,
        -0.500000, 0.000000, 0.180000, 1.000000;;
      }
    } // End of Leg_3
    Frame Leg_4 {
      FrameTransformMatrix {
        -0.008682,-0.047563, 0.012744, 0.000000,
         0.000000,-0.012941,-0.048296, 0.000000,
         0.049240,-0.008387, 0.002247, 0.000000,
        -0.210000, 0.000000,-0.000000, 1.000000;;
      }
    } // End of Leg_4
  } // End of Armature
} // End of Root
AnimationSet Global {
  Animation {
    {Armature}
    AnimationKey { // Rotation
      0;
      101;
      0;4;-0.500000,-0.500000,-0.500000, 0.500000;;,
      1;4;-0.500000,-0.500000,-0.500000, 0.500000;;,
      2;4;-0.500000,-0.500000,-0.500000, 0.500000;;,
      3;4;-0.500000,-0.500000,-0.500000, 0.500000;;,
      4;4;-0.500000,-0.500000,-0.500000, 0.500000;;,
      5;4;-0.500000,-0.500000,-0.500000, 0.500000;;,
      6;4;-0.500000,-0.500000,-0.500000, 0.500000;;,
      7;4;-0.500000,-0.500000,-0.500000, 0.500000;;,
      8;4;-0.500000,-0.500000,-0.500000, 0.500000;;,
      9;4;-0.500000,-0.500000,-0.500000, 0.500000;;,
      10;4;-0.500000,-0.500000,-0.500000, 0.500000;;,
      11;4;-0.500000,-0.500000,-0.500000, 0.500000;;,
      12;4;-0.500000,-0.500000,-0.500000, 0.500000;;,
      13;4;-0.500000,-0.500000,-0.500000, 0.500000;;,
      14;4;-0.500000,-0.500000,-0.500000, 0.500000;;,
      15;4;-0.500000,-0.500000,-0.500000, 0.500000;;,
      16;4;-0.500000,-0.500000,-0.500000, 0.500000;;,
      17;4;-0.500000,-0.500000,-0.500000, 0.500000;;,
      18;4;-0.500000,-0.500000,-0.500000, 0.500000;;,
      19;4;-0.500000,-0.500000,-0.500000, 0.500000;;,
      20;4;-0.500000,-0.500000,-0.500000, 0.500000;;,
      21;4;-0.500000,-0.500000,-0.500000, 0.500000;;,
      22;4;-0.500000,-0.500000,-0.500000, 0.500000;;,
      23;4;-0.500000,-0.500000,-0.500000, 0.500000;;,
      24;4;-0.500000,-0.500000,-0.500000, 0.500000;;,
      25;4;-0.500000,-0.500000,-0.500000, 0.500000;;,
      26;4;-0.500000,-0.500000,-0.500000, 0.500000;;,
      27;4;-0.500000,-0.500000,-0.500000, 0.500000;;,
      28;4;-0.500000,-0.500000,-0.500000, 0.500000;;,
      29;4;-0.500000,-0.500000,-0.500000, 0.500000;;,
      30;4;-0.500000,-0.500000,-0.500000, 0.500000;;,
      31;4;-0.500000,-0.500000,-0.500000, 0.500000;;,
      32;4;-0.500000,-0.500000,-0.500000, 0.500000;;,
      33;4;-0.500000,-0.500000,-0.500000, 0.500000;;,
      34;4;-0.500000,-0.500000,-0.500000, 0.500000;;,
      35;4;-0.500000,-0.500000,-0.500000, 0.500000;;,
      36;4;-0.500000,-0.500000,-0.500000, 0.500000;;,
      37;4;-0.500000,-0.500000,-0.500000, 0.500000;;,
      38;4;-0.500000,-0.500000,-0.500000, 0.500000;;,
      39;4;-0.500000,-0.500000,-0.500000, 0.500000;;,
      40;4;-0.500000,-0.500000,-0.500000, 0.500000;;,
      41;4;-0.500000,-0.500000,-0.500000, 0.500000;;,
      42;4;-0.500000,-0.500000,-0.500000, 0.500000;;,
      43;4;-0.500000,-0.500000,-0.500000, 0.500000;;,
      44;4;-0.500000,-0.500000,-0.500000, 0.500000;;,
      45;4;-0.500000,-0.500000,-0.500000, 0.500000;;,
      46;4;-0.500000,-0.500000,-0.500000, 0.500000;;,
      47;4;-0.500000,-0.500000,-0.500000, 0.500000;;,
      48;4;-0.500000,-0.500000,-0.500000, 0.500000;;,
      49;4;-0.500000,-0.500000,-0.500000, 0.500000;;,
      50;4;-0.500000,-0.500000,-0.500000, 0.500000;;,
      51;4;-0.500000,-0.500000,-0.500000, 0.500000;;,
      52;4;-0.500000,-0.500000,-0.500000, 0.500000;;,
      53;4;-0.500000,-0.500000,-0.500000, 0.500000;;,
      54;4;-0.500000,-0.500000,-0.500000, 0.500000;;,
      55;4;-0.500000,-0.500000,-0.500000, 0.500000;;,
      56;4;-0.500000,-0.500000,-0.500000, 0.500000;;,
      57;4;-0.500000,-0.500000,-0.500000, 0.500000;;,
      58;4;-0.500000,-0.500000,-0.500000, 0.500000;;,
      59;4;-0.500000,-0.500000,-0.500000, 0.500000;;,
      60;4;-0.500000,-0.500000,-0.500000, 0.500000;;,
      61;4;-0.500000,-0.500000,-0.500000, 0.500000;;,
      62;4;-0.500000,-0.500000,-0.500000, 0.500000;;,
      63;4;-0.500000,-0.500000,-0.500000, 0.500000;;,
      64;4;-0.500000,-0.500000,-0.500000, 0.500000;;,
      65;4;-0.500000,-0.500000,-0.500000, 0.500000;;,
      66;4;-0.500000,-0.500000,-0.500000, 0.500000;;,
      67;4;-0.500000,-0.500000,-0.500000, 0.500000;;,
      68;4;-0.500000,-0.500000,-0.500000, 0.500000;;,
      69;4;-0.500000,-0.500000,-0.500000, 0.500000;;,
      70;4;-0.500000,-0.500000,-0.500000, 0.500000;;,
      71;4;-0.500000,-0.500000,-0.500000, 0.500000;;,
      72;4;-0.500000,-0.500000,-0.500000, 0.500000;;,
      73;4;-0.500000,-0.500000,-0.500000, 0.500000;;,
      74;4;-0.500000,-0.500000,-0.500000, 0.500000;;,
      75;4;-0.500000,-0.500000,-0.500000, 0.500000;;,
      76;4;-0.500000,-0.500000,-0.500000, 0.500000;;,
      77;4;-0.500000,-0.500000,-0.500000, 0.500000;;,
      78;4;-0.500000,-0.500000,-0.500000, 0.500000;;,
      79;4;-0.500000,-0.500000,-0.500000, 0.500000;;,
      80;4;-0.500000,-0.500000,-0.500000, 0.500000;;,
      81;4;-0.500000,-0.500000,-0.500000, 0.500000;;,
      82;4;-0.500000,-0.500000,-0.500000, 0.500000;;,
      83;4;-0.500000,-0.500000,-0.500000, 0.500000;;,
      84;4;-0.500000,-0.500000,-0.500000, 0.500000;;,
      85;4;-0.500000,-0.500000,-0.500000, 0.500000;;,
      86;4;-0.500000,-0.500000,-0.500000, 0.500000;;,
      87;4;-0.500000,-0.500000,-0.500000, 0.500000;;,
      88;4;-0.500000,-0.500000,-0.500000, 0.500000;;,
      89;4;-0.500000,-0.500000,-0.500000, 0.500000;;,
      90;4;-0.500000,-0.500000,-0.500000, 0.500000;;,
      91;4;-0.500000,-0.500000,-0.500000, 0.500000;;,
      92;4;-0.500000,-0.500000,-0.500000, 0.500000;;,
      93;4;-0.500000,-0.500000,-0.500000, 0.500000;;,
      94;4;-0.500000,-0.500000,-0.500000, 0.500000;;,
      95;4;-0.500000,-0.500000,-0.500000, 0.500000;;,
      96;4;-0.500000,-0.500000,-0.500000, 0.500000;;,
      97;4;-0.500000,-0.500000,-0.500000, 0.500000;;,
      98;4;-0.500000,-0.500000,-0.500000, 0.500000;;,
      99;4;-0.500000,-0.500000,-0.500000, 0.500000;;,
      100;4;-0.500000,-0.500000,-0.500000, 0.500000;;;
    }
    AnimationKey { // Scale
      1;
      101;
      0;3;100.000000,100.000000,100.000000;;,
      1;3;100.000000,100.000000,100.000000;;,
      2;3;100.000000,100.000000,100.000000;;,
      3;3;100.000000,100.000000,100.000000;;,
      4;3;100.000000,100.000000,100.000000;;,
      5;3;100.000000,100.000000,100.000000;;,
      6;3;100.000000,100.000000,100.000000;;,
      7;3;100.000000,100.000000,100.000000;;,
      8;3;100.000000,100.000000,100.000000;;,
      9;3;100.000000,100.000000,100.000000;;,
      10;3;100.000000,100.000000,100.000000;;,
      11;3;100.000000,100.000000,100.000000;;,
      12;3;100.000000,100.000000,100.000000;;,
      13;3;100.000000,100.000000,100.000000;;,
      14;3;100.000000,100.000000,100.000000;;,
      15;3;100.000000,100.000000,100.000000;;,
      16;3;100.000000,100.000000,100.000000;;,
      17;3;100.000000,100.000000,100.000000;;,
      18;3;100.000000,100.000000,100.000000;;,
      19;3;100.000000,100.000000,100.000000;;,
      20;3;100.000000,100.000000,100.000000;;,
      21;3;100.000000,100.000000,100.000000;;,
      22;3;100.000000,100.000000,100.000000;;,
      23;3;100.000000,100.000000,100.000000;;,
      24;3;100.000000,100.000000,100.000000;;,
      25;3;100.000000,100.000000,100.000000;;,
      26;3;100.000000,100.000000,100.000000;;,
      27;3;100.000000,100.000000,100.000000;;,
      28;3;100.000000,100.000000,100.000000;;,
      29;3;100.000000,100.000000,100.000000;;,
      30;3;100.000000,100.000000,100.000000;;,
      31;3;100.000000,100.000000,100.000000;;,
      32;3;100.000000,100.000000,100.000000;;,
      33;3;100.000000,100.000000,100.000000;;,
      34;3;100.000000,100.000000,100.000000;;,
      35;3;100.000000,100.000000,100.000000;;,
      36;3;100.000000,100.000000,100.000000;;,
      37;3;100.000000,100.000000,100.000000;;,
      38;3;100.000000,100.000000,100.000000;;,
      39;3;100.000000,100.000000,100.000000;;,
      40;3;100.000000,100.000000,100.000000;;,
      41;3;100.000000,100.000000,100.000000;;,
      42;3;100.000000,100.000000,100.000000;;,
      43;3;100.000000,100.000000,100.000000;;,
      44;3;100.000000,100.000000,100.000000;;,
      45;3;100.000000,100.000000,100.000000;;,
      46;3;100.000000,100.000000,100.000000;;,
      47;3;100.000000,100.000000,100.000000;;,
      48;3;100.000000,100.000000,100.000000;;,
      49;3;100.000000,100.000000,100.000000;;,
      50;3;100.000000,100.000000,100.000000;;,
      51;3;100.000000,100.000000,100.000000;;,
      52;3;100.000000,100.000000,100.000000;;,
      53;3;100.000000,100.000000,100.000000;;,
      54;3;100.000000,100.000000,100.000000;;,
      55;3;100.000000,100.000000,100.000000;;,
      56;3;100.000000,100.000000,100.000000;;,
      57;3;100.000000,100.000000,100.000000;;,
      58;3;100.000000,100.000000,100.000000;;,
      59;3;100.000000,100.000000,100.000000;;,
      60;3;100.000000,100.000000,100.000000;;,
      61;3;100.000000,100.000000,100.000000;;,
      62;3;100.000000,100.000000,100.000000;;,
      63;3;100.000000,100.000000,100.000000;;,
      64;3;100.000000,100.000000,100.000000;;,
      65;3;100.000000,100.000000,100.000000;;,
      66;3;100.000000,100.000000,100.000000;;,
      67;3;100.000000,100.000000,100.000000;;,
      68;3;100.000000,100.000000,100.000000;;,
      69;3;100.000000,100.000000,100.000000;;,
      70;3;100.000000,100.000000,100.000000;;,
      71;3;100.000000,100.000000,100.000000;;,
      72;3;100.000000,100.000000,100.000000;;,
      73;3;100.000000,100.000000,100.000000;;,
      74;3;100.000000,100.000000,100.000000;;,
      75;3;100.000000,100.000000,100.000000;;,
      76;3;100.000000,100.000000,100.000000;;,
      77;3;100.000000,100.000000,100.000000;;,
      78;3;100.000000,100.000000,100.000000;;,
      79;3;100.000000,100.000000,100.000000;;,
      80;3;100.000000,100.000000,100.000000;;,
      81;3;100.000000,100.000000,100.000000;;,
      82;3;100.000000,100.000000,100.000000;;,
      83;3;100.000000,100.000000,100.000000;;,
      84;3;100.000000,100.000000,100.000000;;,
      85;3;100.000000,100.000000,100.000000;;,
      86;3;100.000000,100.000000,100.000000;;,
      87;3;100.000000,100.000000,100.000000;;,
      88;3;100.000000,100.000000,100.000000;;,
      89;3;100.000000,100.000000,100.000000;;,
      90;3;100.000000,100.000000,100.000000;;,
      91;3;100.000000,100.000000,100.000000;;,
      92;3;100.000000,100.000000,100.000000;;,
      93;3;100.000000,100.000000,100.000000;;,
      94;3;100.000000,100.000000,100.000000;;,
      95;3;100.000000,100.000000,100.000000;;,
      96;3;100.000000,100.000000,100.000000;;,
      97;3;100.000000,100.000000,100.000000;;,
      98;3;100.000000,100.000000,100.000000;;,
      99;3;100.000000,100.000000,100.000000;;,
      100;3;100.000000,100.000000,100.000000;;;
    }
    AnimationKey { // Position
      2;
      101;
      0;3;40.000000, 0.000000,60.000000;;,
      1;3;40.000000, 0.000000,60.000000;;,
      2;3;40.000000, 0.000000,60.000000;;,
      3;3;40.000000, 0.000000,60.000000;;,
      4;3;40.000000, 0.000000,60.000000;;,
      5;3;40.000000, 0.000000,60.000000;;,
      6;3;40.000000, 0.000000,60.000000;;,
      7;3;40.000000, 0.000000,60.000000;;,
      8;3;40.000000, 0.000000,60.000000;;,
      9;3;40.000000, 0.000000,60.000000;;,
      10;3;40.000000, 0.000000,60.000000;;,
      11;3;40.000000, 0.000000,60.000000;;,
      12;3;40.000000, 0.000000,60.000000;;,
      13;3;40.000000, 0.000000,60.000000;;,
      14;3;40.000000, 0.000000,60.000000;;,
      15;3;40.000000, 0.000000,60.000000;;,
      16;3;40.000000, 0.000000,60.000000;;,
      17;3;40.000000, 0.000000,60.000000;;,
      18;3;40.000000, 0.000000,60.000000;;,
      19;3;40.000000, 0.000000,60.000000;;,
      20;3;40.000000, 0.000000,60.000000;;,
      21;3;40.000000, 0.000000,60.000000;;,
      22;3;40.000000, 0.000000,60.000000;;,
      23;3;40.000000, 0.000000,60.000000;;,
      24;3;40.000000, 0.000000,60.000000;;,
      25;3;40.000000, 0.000000,60.000000;;,
      26;3;40.000000, 0.000000,60.000000;;,
      27;3;40.000000, 0.000000,60.000000;;,
      28;3;40.000000, 0.000000,60.000000;;,
      29;3;40.000000, 0.000000,60.000000;;,
      30;3;40.000000, 0.000000,60.000000;;,
      31;3;40.000000, 0.000000,60.000000;;,
      32;3;40.000000, 0.000000,60.000000;;,
      33;3;40.000000, 0.000000,60.000000;;,
      34;3;40.000000, 0.000000,60.000000;;,
      35;3;40.000000, 0.000000,60.000000;;,
      36;3;40.000000, 0.000000,60.000000;;,
      37;3;40.000000, 0.000000,60.000000;;,
      38;3;40.000000, 0.000000,60.000000;;,
      39;3;40.000000, 0.000000,60.000000;;,
      40;3;40.000000, 0.000000,60.000000;;,
      41;3;40.000000, 0.000000,60.000000;;,
      42;3;40.000000, 0.000000,60.000000;;,
      43;3;40.000000, 0.000000,60.000000;;,
      44;3;40.000000, 0.000000,60.000000;;,
      45;3;40.000000, 0.000000,60.000000;;,
      46;3;40.000000, 0.000000,60.000000;;,
      47;3;40.000000, 0.000000,60.000000;;,
      48;3;40.000000, 0.000000,60.000000;;,
      49;3;40.000000, 0.000000,60.000000;;,
      50;3;40.000000, 0.000000,60.000000;;,
      51;3;40.000000, 0.000000,60.000000;;,
      52;3;40.000000, 0.000000,60.000000;;,
      53;3;40.000000, 0.000000,60.000000;;,
      54;3;40.000000, 0.000000,60.000000;;,
      55;3;40.000000, 0.000000,60.000000;;,
      56;3;40.000000, 0.000000,60.000000;;,
      57;3;40.000000, 0.000000,60.000000;;,
      58;3;40.000000, 0.000000,60.000000;;,
      59;3;40.000000, 0.000000,60.000000;;,
      60;3;40.000000, 0.000000,60.000000;;,
      61;3;40.000000, 0.000000,60.000000;;,
      62;3;40.000000, 0.000000,60.000000;;,
      63;3;40.000000, 0.000000,60.000000;;,
      64;3;40.000000, 0.000000,60.000000;;,
      65;3;40.000000, 0.000000,60.000000;;,
      66;3;40.000000, 0.000000,60.000000;;,
      67;3;40.000000, 0.000000,60.000000;;,
      68;3;40.000000, 0.000000,60.000000;;,
      69;3;40.000000, 0.000000,60.000000;;,
      70;3;40.000000, 0.000000,60.000000;;,
      71;3;40.000000, 0.000000,60.000000;;,
      72;3;40.000000, 0.000000,60.000000;;,
      73;3;40.000000, 0.000000,60.000000;;,
      74;3;40.000000, 0.000000,60.000000;;,
      75;3;40.000000, 0.000000,60.000000;;,
      76;3;40.000000, 0.000000,60.000000;;,
      77;3;40.000000, 0.000000,60.000000;;,
      78;3;40.000000, 0.000000,60.000000;;,
      79;3;40.000000, 0.000000,60.000000;;,
      80;3;40.000000, 0.000000,60.000000;;,
      81;3;40.000000, 0.000000,60.000000;;,
      82;3;40.000000, 0.000000,60.000000;;,
      83;3;40.000000, 0.000000,60.000000;;,
      84;3;40.000000, 0.000000,60.000000;;,
      85;3;40.000000, 0.000000,60.000000;;,
      86;3;40.000000, 0.000000,60.000000;;,
      87;3;40.000000, 0.000000,60.000000;;,
      88;3;40.000000, 0.000000,60.000000;;,
      89;3;40.000000, 0.000000,60.000000;;,
      90;3;40.000000, 0.000000,60.000000;;,
      91;3;40.000000, 0.000000,60.000000;;,
      92;3;40.000000, 0.000000,60.000000;;,
      93;3;40.000000, 0.000000,60.000000;;,
      94;3;40.000000, 0.000000,60.000000;;,
      95;3;40.000000, 0.000000,60.000000;;,
      96;3;40.000000, 0.000000,60.000000;;,
      97;3;40.000000, 0.000000,60.000000;;,
      98;3;40.000000, 0.000000,60.000000;;,
      99;3;40.000000, 0.000000,60.000000;;,
      100;3;40.000000, 0.000000,60.000000;;;
    }
  }
  Animation {
    {Armature_Body}
    AnimationKey { // Rotation
      0;
      101;
      0;4;-0.272167, 0.269027,-0.653930, 0.652629;;,
      1;4;-0.272165, 0.269056,-0.653918, 0.652630;;,
      2;4;-0.272163, 0.269085,-0.653906, 0.652631;;,
      3;4;-0.272160, 0.269114,-0.653894, 0.652632;;,
