xof 0303txt 0032

template XSkinMeshHeader {
  <3cf169ce-ff7c-44ab-93c0-f78f62d172e2>
  WORD nMaxSkinWeightsPerVertex;
  WORD nMaxSkinWeightsPerFace;
  WORD nBones;
}

template SkinWeights {
  <6f0d123b-bad2-4167-a0d0-80224f25fabb>
  STRING transformNodeName;
  DWORD nWeights;
  array DWORD vertexIndices[nWeights];
  array float weights[nWeights];
  Matrix4x4 matrixOffset;
}

Frame Root {
  FrameTransformMatrix {
     1.000000, 0.000000, 0.000000, 0.000000,
     0.000000,-0.000000,-1.000000, 0.000000,
     0.000000, 1.000000,-0.000000, 0.000000,
     0.000000, 0.000000, 0.000000, 1.000000;;
  }
  Frame Armature {
    FrameTransformMatrix {
       0.100000, 0.000000, 0.000000, 0.000000,
       0.000000,-0.000000, 0.100000, 0.000000,
       0.000000,-0.100000,-0.000000, 0.000000,
       0.000000, 0.000000, 0.000000, 1.000000;;
    }
    Frame Armature_mixamorig_Hips {
      FrameTransformMatrix {
         0.587971,-0.046057, 0.807570, 0.000000,
        -0.102116, 0.986164, 0.130590, 0.000000,
        -0.802410,-0.159249, 0.575132, 0.000000,
         0.880086,90.575165, 4.641789, 1.000000;;
      }
      Frame Armature_mixamorig_LeftUpLeg {
        FrameTransformMatrix {
          -0.647054,-0.018877, 0.762203, 0.000000,
           0.655570,-0.524182, 0.543559, 0.000000,
           0.389270, 0.851397, 0.351554, 0.000000,
           7.707785,-5.105721, 0.126760, 1.000000;;
        }
        Frame Armature_mixamorig_LeftLeg {
          FrameTransformMatrix {
             0.960407,-0.156186,-0.230702, 0.000000,
            -0.059111, 0.694990,-0.716585, 0.000000,
             0.272257, 0.701851, 0.658241, 0.000000,
             0.000001,45.952499, 0.000008, 1.000000;;
          }
          Frame Armature_mixamorig_LeftFoot {
            FrameTransformMatrix {
               0.984575,-0.160590, 0.069452, 0.000000,
               0.034039, 0.565175, 0.824268, 0.000000,
              -0.171622,-0.809189, 0.561924, 0.000000,
              -0.000002,44.565880, 0.000004, 1.000000;;
            }
            Frame Armature_mixamorig_LeftToeBase {
              FrameTransformMatrix {
                 0.979940,-0.043971, 0.194380, 0.000000,
                -0.086204, 0.785868, 0.612357, 0.000000,
                -0.179683,-0.616830, 0.766313, 0.000000,
                 0.000001,18.311058, 0.000010, 1.000000;;
              }
              Frame Armature_mixamorig_LeftToe_End {
                FrameTransformMatrix {
                   1.000000,-0.000000, 0.000000, 0.000000,
                   0.000000, 1.000000,-0.000000, 0.000000,
                  -0.000000, 0.000000, 1.000000, 0.000000,
                   0.000001, 6.608830, 0.000001, 1.000000;;
                }
                Frame Armature_mixamorig_LeftToe_End_end {
                  FrameTransformMatrix {
                     1.000000, 0.000000, 0.000000, 0.000000,
                    -0.000000, 1.000000, 0.000000, 0.000000,
                    -0.000000,-0.000000, 1.000000, 0.000000,
                     0.000002, 6.608815, 0.000001, 1.000000;;
                  }
                } // End of Armature_mixamorig_LeftToe_End_end
              } // End of Armature_mixamorig_LeftToe_End
            } // End of Armature_mixamorig_LeftToeBase
          } // End of Armature_mixamorig_LeftFoot
        } // End of Armature_mixamorig_LeftLeg
      } // End of Armature_mixamorig_LeftUpLeg
      Frame Armature_mixamorig_RightUpLeg {
        FrameTransformMatrix {
          -0.758311, 0.328143,-0.563288, 0.000000,
          -0.559493,-0.771070, 0.304009, 0.000000,
          -0.334577, 0.545686, 0.768301, 0.000000,
          -7.707782,-5.105726, 0.340402, 1.000000;;
        }
        Frame Armature_mixamorig_RightLeg {
          FrameTransformMatrix {
             0.997945,-0.046525, 0.044064, 0.000000,
             0.064079, 0.726875,-0.683773, 0.000000,
            -0.000217, 0.685192, 0.728363, 0.000000,
             0.000003,45.947216, 0.000001, 1.000000;;
          }
          Frame Armature_mixamorig_RightFoot {
            FrameTransformMatrix {
               0.860841, 0.507434,-0.038264, 0.000000,
              -0.141662, 0.311187, 0.939731, 0.000000,
               0.488758,-0.803538, 0.339766, 0.000000,
              -0.000002,44.572094, 0.000001, 1.000000;;
            }
            Frame Armature_mixamorig_RightToeBase {
              FrameTransformMatrix {
                 0.971568, 0.005392,-0.236701, 0.000000,
                 0.135331, 0.807677, 0.573884, 0.000000,
                 0.194272,-0.589600, 0.783983, 0.000000,
                -0.000003,18.116945, 0.000002, 1.000000;;
              }
              Frame Armature_mixamorig_RightToe_End {
                FrameTransformMatrix {
                   1.000000,-0.000000, 0.000003, 0.000000,
                   0.000000, 1.000000, 0.000000, 0.000000,
                  -0.000003,-0.000000, 1.000000, 0.000000,
                  -0.000006, 6.707251,-0.000000, 1.000000;;
                }
                Frame Armature_mixamorig_RightToe_End_end {
                  FrameTransformMatrix {
                     1.000000, 0.000000, 0.000000, 0.000000,
                    -0.000000, 1.000000,-0.000000, 0.000000,
                    -0.000000, 0.000000, 1.000000, 0.000000,
                    -0.000004, 6.707250,-0.000000, 1.000000;;
                  }
                } // End of Armature_mixamorig_RightToe_End_end
              } // End of Armature_mixamorig_RightToe_End
            } // End of Armature_mixamorig_RightToeBase
          } // End of Armature_mixamorig_RightFoot
        } // End of Armature_mixamorig_RightLeg
      } // End of Armature_mixamorig_RightUpLeg
      Frame Armature_mixamorig_Spine {
        FrameTransformMatrix {
           0.997126,-0.037641,-0.065747, 0.000000,
           0.047042, 0.987889, 0.147863, 0.000000,
           0.059385,-0.150531, 0.986820, 0.000000,
           0.000002, 9.170844, 0.205816, 1.000000;;
        }
        Frame Armature_mixamorig_Spine1 {
          FrameTransformMatrix {
             0.998869, 0.040537,-0.024825, 0.000000,
            -0.039990, 0.998955, 0.022151, 0.000000,
             0.025697,-0.021133, 0.999446, 0.000000,
            -0.000001,10.702007,-0.000003, 1.000000;;
          }
          Frame Armature_mixamorig_Spine2 {
            FrameTransformMatrix {
               0.999575, 0.017891,-0.023003, 0.000000,
              -0.017802, 0.999833, 0.004065, 0.000000,
               0.023072,-0.003654, 0.999727, 0.000000,
              -0.000000,12.230839, 0.000005, 1.000000;;
            }
            Frame Armature_mixamorig_LeftShoulder {
              FrameTransformMatrix {
                 0.183673,-0.043686,-0.982016, 0.000000,
                 0.883013,-0.431624, 0.184358, 0.000000,
                -0.431916,-0.900995,-0.040703, 0.000000,
                 5.180534,11.652157, 0.054662, 1.000000;;
              }
              Frame Armature_mixamorig_LeftArm {
                FrameTransformMatrix {
                   0.964527, 0.263759, 0.010854, 0.000000,
                  -0.232481, 0.829234, 0.508255, 0.000000,
                   0.125057,-0.492749, 0.861138, 0.000000,
                   0.000001,10.993578,-0.000016, 1.000000;;
                }
                Frame Armature_mixamorig_LeftForeArm {
                  FrameTransformMatrix {
                    -0.199798, 0.903754, 0.378562, 0.000000,
                    -0.979689,-0.190963,-0.061171, 0.000000,
                     0.017008,-0.383095, 0.923552, 0.000000,
                     0.000003,21.306505,-0.000002, 1.000000;;
                  }
                  Frame Armature_mixamorig_LeftHand {
                    FrameTransformMatrix {
                       0.982135,-0.188058,-0.006687, 0.000000,
                       0.188162, 0.980988, 0.047518, 0.000000,
                      -0.002376,-0.047927, 0.998848, 0.000000,
                       0.000004,24.281301, 0.000000, 1.000000;;
                    }
                    Frame Armature_mixamorig_LeftHandIndex1 {
                      FrameTransformMatrix {
                         0.963000, 0.263468, 0.056705, 0.000000,
                        -0.111919, 0.199558, 0.973474, 0.000000,
                         0.245164,-0.943801, 0.221662, 0.000000,
                        -4.000842,10.644616, 0.188385, 1.000000;;
                      }
                      Frame Armature_mixamorig_LeftHandIndex2 {
                        FrameTransformMatrix {
                           0.996784, 0.080113, 0.001855, 0.000000,
                          -0.032806, 0.386845, 0.921562, 0.000000,
                           0.073111,-0.918659, 0.388229, 0.000000,
                          -0.000045, 3.442450,-0.000031, 1.000000;;
                        }
                        Frame Armature_mixamorig_LeftHandIndex3 {
                          FrameTransformMatrix {
                             0.999522,-0.008086,-0.029819, 0.000000,
                             0.030796, 0.338488, 0.940467, 0.000000,
                             0.002489,-0.940936, 0.338575, 0.000000,
                            -0.000142, 3.228649, 0.000010, 1.000000;;
                          }
                          Frame Armature_mixamorig_LeftHandIndex4 {
                            FrameTransformMatrix {
                               1.000000, 0.000000,-0.000000, 0.000000,
                              -0.000000, 1.000000, 0.000001, 0.000000,
                               0.000000,-0.000001, 1.000000, 0.000000,
                               0.000190, 2.712029,-0.000005, 1.000000;;
                            }
                            Frame Armature_mixamorig_LeftHandIndex4_end {
                              FrameTransformMatrix {
                                 1.000000,-0.000000, 0.000000, 0.000000,
                                 0.000000, 1.000000, 0.000000, 0.000000,
                                -0.000000, 0.000000, 1.000000, 0.000000,
                                -0.000005, 2.712037,-0.000004, 1.000000;;
                              }
                            } // End of Armature_mixamorig_LeftHandIndex4_end
                          } // End of Armature_mixamorig_LeftHandIndex4
                        } // End of Armature_mixamorig_LeftHandIndex3
                      } // End of Armature_mixamorig_LeftHandIndex2
                    } // End of Armature_mixamorig_LeftHandIndex1
                    Frame Armature_mixamorig_LeftHandMiddle1 {
                      FrameTransformMatrix {
                         0.992320, 0.065484, 0.104940, 0.000000,
                        -0.115877, 0.195306, 0.973873, 0.000000,
                         0.043277,-0.978554, 0.201394, 0.000000,
                        -1.145589,10.269858, 0.098156, 1.000000;;
                      }
                      Frame Armature_mixamorig_LeftHandMiddle2 {
                        FrameTransformMatrix {
                           0.995843, 0.089962, 0.014299, 0.000000,
                          -0.026850, 0.139895, 0.989802, 0.000000,
                           0.087044,-0.986071, 0.141729, 0.000000,
                          -0.001416, 4.567466,-0.000003, 1.000000;;
                        }
                        Frame Armature_mixamorig_LeftHandMiddle3 {
                          FrameTransformMatrix {
                             0.999736,-0.004544,-0.022540, 0.000000,
                             0.022433, 0.407850, 0.912773, 0.000000,
                             0.005046,-0.913038, 0.407844, 0.000000,
                             0.001002, 4.214495,-0.000017, 1.000000;;
                          }
                          Frame Armature_mixamorig_LeftHandMiddle4 {
                            FrameTransformMatrix {
                               1.000000,-0.000000, 0.000000, 0.000000,
                               0.000000, 1.000000, 0.000001, 0.000000,
                              -0.000000,-0.000001, 1.000000, 0.000000,
                               0.000408, 3.872901, 0.000007, 1.000000;;
                            }
                            Frame Armature_mixamorig_LeftHandMiddle4_end {
                              FrameTransformMatrix {
                                 1.000000,-0.000000,-0.000000, 0.000000,
                                 0.000000, 1.000000, 0.000000, 0.000000,
                                 0.000000,-0.000000, 1.000000, 0.000000,
                                -0.000004, 3.872908, 0.000000, 1.000000;;
                              }
                            } // End of Armature_mixamorig_LeftHandMiddle4_end
                          } // End of Armature_mixamorig_LeftHandMiddle4
                        } // End of Armature_mixamorig_LeftHandMiddle3
                      } // End of Armature_mixamorig_LeftHandMiddle2
                    } // End of Armature_mixamorig_LeftHandMiddle1
                    Frame Armature_mixamorig_LeftHandPinky1 {
                      FrameTransformMatrix {
                         0.930369,-0.315846, 0.186157, 0.000000,
                        -0.120165, 0.217008, 0.968746, 0.000000,
                        -0.346372,-0.923661, 0.163944, 0.000000,
                         3.634706,10.279564, 0.214944, 1.000000;;
                      }
                      Frame Armature_mixamorig_LeftHandPinky2 {
                        FrameTransformMatrix {
                           0.999614, 0.021620, 0.017407, 0.000000,
                          -0.021673, 0.216166, 0.976116, 0.000000,
                           0.017341,-0.976117, 0.216552, 0.000000,
                           0.001722, 3.272559,-0.000013, 1.000000;;
                        }
                        Frame Armature_mixamorig_LeftHandPinky3 {
                          FrameTransformMatrix {
                             0.999821, 0.017513, 0.007147, 0.000000,
                            -0.017181, 0.682840, 0.730366, 0.000000,
                             0.007911,-0.730358, 0.683019, 0.000000,
                            -0.001552, 2.574742,-0.000043, 1.000000;;
                          }
                          Frame Armature_mixamorig_LeftHandPinky4 {
                            FrameTransformMatrix {
                               1.000000,-0.000000, 0.000000, 0.000000,
                               0.000000, 1.000000,-0.000000, 0.000000,
                              -0.000000, 0.000000, 1.000000, 0.000000,
                              -0.000182, 2.249530, 0.000000, 1.000000;;
                            }
                            Frame Armature_mixamorig_LeftHandPinky4_end {
                              FrameTransformMatrix {
                                 1.000000, 0.000000,-0.000000, 0.000000,
                                -0.000000, 1.000000, 0.000000, 0.000000,
                                 0.000000,-0.000000, 1.000000, 0.000000,
                                -0.000008, 2.249511,-0.000002, 1.000000;;
                              }
                            } // End of Armature_mixamorig_LeftHandPinky4_end
                          } // End of Armature_mixamorig_LeftHandPinky4
                        } // End of Armature_mixamorig_LeftHandPinky3
                      } // End of Armature_mixamorig_LeftHandPinky2
                    } // End of Armature_mixamorig_LeftHandPinky1
                    Frame Armature_mixamorig_LeftHandRing1 {
                      FrameTransformMatrix {
                         0.989340,-0.117073, 0.086607, 0.000000,
                        -0.083071, 0.034763, 0.995938, 0.000000,
                        -0.119609,-0.992515, 0.024668, 0.000000,
                         1.511707,10.276356, 0.094563, 1.000000;;
                      }
                      Frame Armature_mixamorig_LeftHandRing2 {
                        FrameTransformMatrix {
                           0.999588, 0.018200, 0.022169, 0.000000,
                          -0.028240, 0.489296, 0.871660, 0.000000,
                           0.005017,-0.871928, 0.489608, 0.000000,
                          -0.000598, 3.979036,-0.000032, 1.000000;;
                        }
                        Frame Armature_mixamorig_LeftHandRing3 {
                          FrameTransformMatrix {
                             0.999873,-0.014404, 0.006873, 0.000000,
                            -0.001861, 0.322481, 0.946574, 0.000000,
                            -0.015851,-0.946467, 0.322413, 0.000000,
                             0.000108, 3.715601, 0.000033, 1.000000;;
                          }
                          Frame Armature_mixamorig_LeftHandRing4 {
                            FrameTransformMatrix {
                               1.000000, 0.000000, 0.000000, 0.000000,
                              -0.000000, 1.000000,-0.000000, 0.000000,
                               0.000000, 0.000000, 1.000000, 0.000000,
                               0.000489, 3.315380, 0.000008, 1.000000;;
                            }
                            Frame Armature_mixamorig_LeftHandRing4_end {
                              FrameTransformMatrix {
                                 1.000000, 0.000000,-0.000000, 0.000000,
                                 0.000000, 1.000000, 0.000000, 0.000000,
                                -0.000000,-0.000000, 1.000000, 0.000000,
                                 0.000006, 3.315382, 0.000002, 1.000000;;
                              }
                            } // End of Armature_mixamorig_LeftHandRing4_end
                          } // End of Armature_mixamorig_LeftHandRing4
                        } // End of Armature_mixamorig_LeftHandRing3
                      } // End of Armature_mixamorig_LeftHandRing2
                    } // End of Armature_mixamorig_LeftHandRing1
                    Frame Armature_mixamorig_LeftHandThumb1 {
                      FrameTransformMatrix {
                         0.607385, 0.793694, 0.033675, 0.000000,
                        -0.670816, 0.489721, 0.556937, 0.000000,
                         0.425546,-0.360865, 0.829872, 0.000000,
                        -3.268709, 2.020265, 1.309111, 1.000000;;
                      }
                      Frame Armature_mixamorig_LeftHandThumb2 {
                        FrameTransformMatrix {
                           0.923342,-0.329191,-0.197669, 0.000000,
                           0.325667, 0.944106,-0.051041, 0.000000,
                           0.203422,-0.017246, 0.978939, 0.000000,
                          -0.446729, 3.216752,-0.000007, 1.000000;;
                        }
                        Frame Armature_mixamorig_LeftHandThumb3 {
                          FrameTransformMatrix {
                             0.621355,-0.056979,-0.781455, 0.000000,
                             0.420584, 0.865742, 0.271292, 0.000000,
                             0.661081,-0.497236, 0.561898, 0.000000,
                             0.289013, 4.061806,-0.000006, 1.000000;;
                          }
                          Frame Armature_mixamorig_LeftHandThumb4 {
                            FrameTransformMatrix {
                               1.000000, 0.000000,-0.000000, 0.000000,
                              -0.000000, 1.000000,-0.000000, 0.000000,
                               0.000000, 0.000000, 1.000000, 0.000000,
                               0.157698, 3.553968,-0.000009, 1.000000;;
                            }
                            Frame Armature_mixamorig_LeftHandThumb4_end {
                              FrameTransformMatrix {
                                 1.000000, 0.000000, 0.000000, 0.000000,
                                 0.000000, 1.000000, 0.000000, 0.000000,
                                -0.000000,-0.000000, 1.000000, 0.000000,
                                -0.000000, 3.557463,-0.000003, 1.000000;;
                              }
                            } // End of Armature_mixamorig_LeftHandThumb4_end
                          } // End of Armature_mixamorig_LeftHandThumb4
                        } // End of Armature_mixamorig_LeftHandThumb3
                      } // End of Armature_mixamorig_LeftHandThumb2
                    } // End of Armature_mixamorig_LeftHandThumb1
                  } // End of Armature_mixamorig_LeftHand
                } // End of Armature_mixamorig_LeftForeArm
              } // End of Armature_mixamorig_LeftArm
            } // End of Armature_mixamorig_LeftShoulder
            Frame Armature_mixamorig_Neck {
              FrameTransformMatrix {
                 0.985070,-0.036662,-0.168208, 0.000000,
                 0.027001, 0.997871,-0.059368, 0.000000,
                 0.170026, 0.053940, 0.983962, 0.000000,
                -0.000001,13.759708, 0.000002, 1.000000;;
              }
              Frame Armature_mixamorig_Head {
                FrameTransformMatrix {
                   0.912383,-0.112643,-0.393533, 0.000000,
                   0.079625, 0.991867,-0.099302, 0.000000,
                   0.401518, 0.059267, 0.913932, 0.000000,
                  -0.000005, 7.527323,-0.214824, 1.000000;;
                }
                Frame Armature_mixamorig_HeadTop_End {
                  FrameTransformMatrix {
                     1.000000, 0.000000, 0.000000, 0.000000,
                    -0.000000, 1.000000, 0.000000, 0.000000,
                    -0.000000,-0.000000, 1.000000, 0.000000,
                    -0.000001,26.017454,-0.742485, 1.000000;;
                  }
                  Frame Armature_mixamorig_HeadTop_End_end {
                    FrameTransformMatrix {
                       1.000000,-0.000000, 0.000000, 0.000000,
                       0.000000, 1.000000, 0.000000, 0.000000,
                      -0.000000,-0.000000, 1.000000, 0.000000,
                      -0.000000,26.027990,-0.000001, 1.000000;;
                    }
                  } // End of Armature_mixamorig_HeadTop_End_end
                } // End of Armature_mixamorig_HeadTop_End
              } // End of Armature_mixamorig_Head
            } // End of Armature_mixamorig_Neck
            Frame Armature_mixamorig_RightShoulder {
              FrameTransformMatrix {
                -0.323566, 0.117710, 0.938855, 0.000000,
                -0.854444,-0.462606,-0.236475, 0.000000,
                 0.406485,-0.878715, 0.250261, 0.000000,
                -5.180532,11.651814, 0.039939, 1.000000;;
              }
              Frame Armature_mixamorig_RightArm {
                FrameTransformMatrix {
                   0.998095,-0.023028, 0.057238, 0.000000,
                  -0.015840, 0.800992, 0.598466, 0.000000,
                  -0.059629,-0.598232, 0.799101, 0.000000,
                   0.000001,10.993587,-0.000001, 1.000000;;
                }
                Frame Armature_mixamorig_RightForeArm {
                  FrameTransformMatrix {
                     0.126123,-0.989024, 0.076976, 0.000000,
                     0.991588, 0.123412,-0.039022, 0.000000,
                     0.029094, 0.081250, 0.996269, 0.000000,
                    -0.000001,21.306318, 0.000002, 1.000000;;
                  }
                  Frame Armature_mixamorig_RightHand {
                    FrameTransformMatrix {
                       0.960284,-0.278110,-0.022563, 0.000000,
                       0.278345, 0.949170, 0.146967, 0.000000,
                      -0.019457,-0.147411, 0.988884, 0.000000,
                      -0.000000,24.291637,-0.000003, 1.000000;;
                    }
                    Frame Armature_mixamorig_RightHandIndex1 {
                      FrameTransformMatrix {
                         0.990338,-0.138344,-0.009586, 0.000000,
                         0.083141, 0.536998, 0.839477, 0.000000,
                        -0.110989,-0.832163, 0.543311, 0.000000,
                         3.876479,10.479930, 0.248489, 1.000000;;
                      }
                      Frame Armature_mixamorig_RightHandIndex2 {
                        FrameTransformMatrix {
                           0.996257,-0.086058,-0.008146, 0.000000,
                           0.039973, 0.375088, 0.926127, 0.000000,
                          -0.076646,-0.922986, 0.377124, 0.000000,
                           0.001583, 3.405104,-0.000004, 1.000000;;
                        }
                        Frame Armature_mixamorig_RightHandIndex3 {
                          FrameTransformMatrix {
                             0.999610,-0.002214, 0.027846, 0.000000,
                            -0.023362, 0.480281, 0.876803, 0.000000,
                            -0.015315,-0.877112, 0.480042, 0.000000,
                            -0.000146, 3.328539,-0.000022, 1.000000;;
                          }
                          Frame Armature_mixamorig_RightHandIndex4 {
                            FrameTransformMatrix {
                               1.000000,-0.000000, 0.000000, 0.000000,
                               0.000000, 1.000000, 0.000000, 0.000000,
                              -0.000000,-0.000000, 1.000000, 0.000000,
                              -0.001426, 2.857755, 0.000004, 1.000000;;
                            }
                            Frame Armature_mixamorig_RightHandIndex4_end {
                              FrameTransformMatrix {
                                 1.000000, 0.000000, 0.000000, 0.000000,
                                -0.000000, 1.000000, 0.000000, 0.000000,
                                -0.000000,-0.000000, 1.000000, 0.000000,
                                -0.000001, 2.857761,-0.000007, 1.000000;;
                              }
                            } // End of Armature_mixamorig_RightHandIndex4_end
                          } // End of Armature_mixamorig_RightHandIndex4
                        } // End of Armature_mixamorig_RightHandIndex3
                      } // End of Armature_mixamorig_RightHandIndex2
                    } // End of Armature_mixamorig_RightHandIndex1
                    Frame Armature_mixamorig_RightHandMiddle1 {
                      FrameTransformMatrix {
                         0.994403,-0.101578,-0.029064, 0.000000,
                         0.072757, 0.458895, 0.885506, 0.000000,
                        -0.076611,-0.882664, 0.463717, 0.000000,
                         1.265775,10.731008,-0.044031, 1.000000;;
                      }
                      Frame Armature_mixamorig_RightHandMiddle2 {
                        FrameTransformMatrix {
                           0.994868,-0.099675,-0.017406, 0.000000,
                           0.024091, 0.066262, 0.997512, 0.000000,
                          -0.098274,-0.992811, 0.068323, 0.000000,
                           0.001785, 4.302099,-0.000021, 1.000000;;
                        }
                        Frame Armature_mixamorig_RightHandMiddle3 {
                          FrameTransformMatrix {
                             0.999792, 0.014302, 0.014557, 0.000000,
                            -0.020198, 0.795399, 0.605749, 0.000000,
                            -0.002915,-0.605917, 0.795523, 0.000000,
                             0.000403, 4.040865,-0.000008, 1.000000;;
                          }
                          Frame Armature_mixamorig_RightHandMiddle4 {
                            FrameTransformMatrix {
                               1.000000, 0.000000,-0.000000, 0.000000,
                              -0.000000, 1.000000, 0.000000, 0.000000,
                               0.000000,-0.000000, 1.000000, 0.000000,
                              -0.002196, 3.587888,-0.000005, 1.000000;;
                            }
                            Frame Armature_mixamorig_RightHandMiddle4_end {
                              FrameTransformMatrix {
                                 1.000000,-0.000000,-0.000000, 0.000000,
                                 0.000000, 1.000000,-0.000000, 0.000000,
                                -0.000000, 0.000000, 1.000000, 0.000000,
                                 0.000004, 3.587895,-0.000003, 1.000000;;
                              }
                            } // End of Armature_mixamorig_RightHandMiddle4_end
                          } // End of Armature_mixamorig_RightHandMiddle4
                        } // End of Armature_mixamorig_RightHandMiddle3
                      } // End of Armature_mixamorig_RightHandMiddle2
                    } // End of Armature_mixamorig_RightHandMiddle1
                    Frame Armature_mixamorig_RightHandPinky1 {
                      FrameTransformMatrix {
                         0.979029, 0.178686,-0.097840, 0.000000,
                         0.060820, 0.201993, 0.977497, 0.000000,
                         0.194428,-0.962949, 0.186889, 0.000000,
                        -3.578578,10.364535, 0.239156, 1.000000;;
                      }
                      Frame Armature_mixamorig_RightHandPinky2 {
                        FrameTransformMatrix {
                           0.999410,-0.029573,-0.017466, 0.000000,
                           0.030024, 0.505289, 0.862428, 0.000000,
                          -0.016679,-0.862443, 0.505879, 0.000000,
                          -0.001979, 3.211719, 0.000004, 1.000000;;
                        }
                        Frame Armature_mixamorig_RightHandPinky3 {
                          FrameTransformMatrix {
                             0.999859,-0.016579,-0.002556, 0.000000,
                             0.016398, 0.933967, 0.356984, 0.000000,
                            -0.003531,-0.356975, 0.934107, 0.000000,
                             0.003114, 2.578181, 0.000023, 1.000000;;
                          }
                          Frame Armature_mixamorig_RightHandPinky4 {
                            FrameTransformMatrix {
                               1.000000, 0.000000,-0.000000, 0.000000,
                              -0.000000, 1.000000,-0.000001, 0.000000,
                               0.000000, 0.000001, 1.000000, 0.000000,
                              -0.001156, 2.342503,-0.000007, 1.000000;;
                            }
                            Frame Armature_mixamorig_RightHandPinky4_end {
                              FrameTransformMatrix {
                                 1.000000,-0.000000, 0.000000, 0.000000,
                                 0.000000, 1.000000,-0.000000, 0.000000,
                                -0.000000, 0.000000, 1.000000, 0.000000,
                                 0.000005, 2.342495, 0.000004, 1.000000;;
                              }
                            } // End of Armature_mixamorig_RightHandPinky4_end
                          } // End of Armature_mixamorig_RightHandPinky4
                        } // End of Armature_mixamorig_RightHandPinky3
                      } // End of Armature_mixamorig_RightHandPinky2
                    } // End of Armature_mixamorig_RightHandPinky1
                    Frame Armature_mixamorig_RightHandRing1 {
                      FrameTransformMatrix {
                         0.996046, 0.088417,-0.008639, 0.000000,
                        -0.017712, 0.292938, 0.955968, 0.000000,
                         0.087055,-0.952035, 0.293346, 0.000000,
                        -1.563644,10.580331, 0.239559, 1.000000;;
                      }
                      Frame Armature_mixamorig_RightHandRing2 {
                        FrameTransformMatrix {
                           0.998799,-0.038018,-0.030909, 0.000000,
                           0.038307, 0.212560, 0.976397, 0.000000,
                          -0.030551,-0.976408, 0.213760, 0.000000,
                          -0.000544, 3.718181,-0.000024, 1.000000;;
                        }
                        Frame Armature_mixamorig_RightHandRing3 {
                          FrameTransformMatrix {
                             0.999957, 0.007380,-0.005673, 0.000000,
                            -0.002022, 0.767124, 0.641496, 0.000000,
                             0.009086,-0.641456, 0.767106, 0.000000,
                            -0.000340, 3.643938,-0.000017, 1.000000;;
                          }
                          Frame Armature_mixamorig_RightHandRing4 {
                            FrameTransformMatrix {
                               1.000000, 0.000000,-0.000000, 0.000000,
                               0.000000, 1.000000, 0.000000, 0.000000,
                               0.000000,-0.000000, 1.000000, 0.000000,
                               0.000882, 3.025697, 0.000006, 1.000000;;
                            }
                            Frame Armature_mixamorig_RightHandRing4_end {
                              FrameTransformMatrix {
                                 1.000000, 0.000000, 0.000000, 0.000000,
                                -0.000000, 1.000000, 0.000000, 0.000000,
                                -0.000000,-0.000000, 1.000000, 0.000000,
                                -0.000001, 3.025684, 0.000002, 1.000000;;
                              }
                            } // End of Armature_mixamorig_RightHandRing4_end
                          } // End of Armature_mixamorig_RightHandRing4
                        } // End of Armature_mixamorig_RightHandRing3
                      } // End of Armature_mixamorig_RightHandRing2
                    } // End of Armature_mixamorig_RightHandRing1
                    Frame Armature_mixamorig_RightHandThumb1 {
                      FrameTransformMatrix {
                         0.877004,-0.448170, 0.173228, 0.000000,
                         0.160312, 0.612801, 0.773806, 0.000000,
                        -0.452951,-0.650860, 0.609276, 0.000000,
                         3.351172, 2.208753, 1.381226, 1.000000;;
                      }
                      Frame Armature_mixamorig_RightHandThumb2 {
                        FrameTransformMatrix {
                           0.951217, 0.041502, 0.305719, 0.000000,
                           0.041742, 0.964487,-0.260810, 0.000000,
                          -0.305687, 0.260848, 0.915704, 0.000000,
                           0.503311, 3.358173,-0.000038, 1.000000;;
                        }
                        Frame Armature_mixamorig_RightHandThumb3 {
                          FrameTransformMatrix {
                             0.932575, 0.183268,-0.310992, 0.000000,
                            -0.308416, 0.852202,-0.422648, 0.000000,
                             0.187570, 0.490066, 0.851266, 0.000000,
                            -0.013919, 3.929749, 0.000006, 1.000000;;
                          }
                          Frame Armature_mixamorig_RightHandThumb4 {
                            FrameTransformMatrix {
                               1.000000, 0.000000, 0.000000, 0.000000,
                               0.000000, 1.000000,-0.000000, 0.000000,
                              -0.000000, 0.000000, 1.000000, 0.000000,
                              -0.489393, 3.302354,-0.000010, 1.000000;;
                            }
                            Frame Armature_mixamorig_RightHandThumb4_end {
                              FrameTransformMatrix {
                                 1.000000, 0.000000,-0.000001, 0.000000,
                                -0.000000, 1.000000, 0.000000, 0.000000,
                                 0.000001,-0.000000, 1.000000, 0.000000,
                                 0.000007, 3.338409, 0.000017, 1.000000;;
                              }
                            } // End of Armature_mixamorig_RightHandThumb4_end
                          } // End of Armature_mixamorig_RightHandThumb4
                        } // End of Armature_mixamorig_RightHandThumb3
                      } // End of Armature_mixamorig_RightHandThumb2
                    } // End of Armature_mixamorig_RightHandThumb1
                  } // End of Armature_mixamorig_RightHand
                } // End of Armature_mixamorig_RightForeArm
              } // End of Armature_mixamorig_RightArm
            } // End of Armature_mixamorig_RightShoulder
          } // End of Armature_mixamorig_Spine2
        } // End of Armature_mixamorig_Spine1
      } // End of Armature_mixamorig_Spine
    } // End of Armature_mixamorig_Hips
    Frame Adventurer_Body {
      FrameTransformMatrix {
        100.000038, 0.000002,-0.000001, 0.000000,
         0.000001,-0.000028,-100.000031, 0.000000,
        -0.000001,100.000031,-0.000028, 0.000000,
        -0.000001,-0.000016,-0.000005, 1.000000;;
      }
    } // End of Adventurer_Body
    Frame Adventurer_Feet {
      FrameTransformMatrix {
        100.000038, 0.000003,-0.000001, 0.000000,
        -0.000001,-0.000029,-100.000031, 0.000000,
         0.000000,100.000031,-0.000028, 0.000000,
        -0.000001,-0.000016,-0.000005, 1.000000;;
      }
    } // End of Adventurer_Feet
    Frame Adventurer_Head {
      FrameTransformMatrix {
        100.000000, 0.000002,-0.000001, 0.000000,
        -0.000001,-0.000028,-100.000031, 0.000000,
        -0.000001,100.000031,-0.000028, 0.000000,
         0.000002,-0.000041,-0.000005, 1.000000;;
      }
    } // End of Adventurer_Head
    Frame Adventurer_Legs {
      FrameTransformMatrix {
        100.000038, 0.000003,-0.000001, 0.000000,
        -0.000001,-0.000029,-100.000031, 0.000000,
         0.000000,100.000031,-0.000028, 0.000000,
        -0.000001,-0.000016,-0.000005, 1.000000;;
      }
    } // End of Adventurer_Legs
    Frame Backpack {
      FrameTransformMatrix {
        -26.076891,-0.000001,-0.000010, 0.000000,
        -0.000011, 0.000008,26.076889, 0.000000,
        -0.000000,26.076891,-0.000008, 0.000000,
        -0.000001,137.266479,-11.664413, 1.000000;;
      }
    } // End of Backpack
  } // End of Armature
} // End of Root
AnimationSet Global {
  Animation {
    {Adventurer_Body}
    AnimationKey { // Rotation
      0;
      61;
      0;4;-0.707107,-0.707107,-0.000000, 0.000000;;,
      1;4;-0.707107,-0.707107,-0.000000, 0.000000;;,
      2;4;-0.707107,-0.707107,-0.000000, 0.000000;;,
      3;4;-0.707107,-0.707107,-0.000000, 0.000000;;,
      4;4;-0.707107,-0.707107,-0.000000, 0.000000;;,
      5;4;-0.707107,-0.707107,-0.000000, 0.000000;;,
      6;4;-0.707107,-0.707107,-0.000000, 0.000000;;,
      7;4;-0.707107,-0.707107,-0.000000, 0.000000;;,
      8;4;-0.707107,-0.707107,-0.000000, 0.000000;;,
      9;4;-0.707107,-0.707107,-0.000000, 0.000000;;,
      10;4;-0.707107,-0.707107,-0.000000, 0.000000;;,
      11;4;-0.707107,-0.707107,-0.000000, 0.000000;;,
      12;4;-0.707107,-0.707107,-0.000000, 0.000000;;,
      13;4;-0.707107,-0.707107,-0.000000, 0.000000;;,
      14;4;-0.707107,-0.707107,-0.000000, 0.000000;;,
      15;4;-0.707107,-0.707107,-0.000000, 0.000000;;,
      16;4;-0.707107,-0.707107,-0.000000, 0.000000;;,
      17;4;-0.707107,-0.707107,-0.000000, 0.000000;;,
      18;4;-0.707107,-0.707107,-0.000000, 0.000000;;,
      19;4;-0.707107,-0.707107,-0.000000, 0.000000;;,
      20;4;-0.707107,-0.707107,-0.000000, 0.000000;;,
      21;4;-0.707107,-0.707107,-0.000000, 0.000000;;,
      22;4;-0.707107,-0.707107,-0.000000, 0.000000;;,
      23;4;-0.707107,-0.707107,-0.000000, 0.000000;;,
      24;4;-0.707107,-0.707107,-0.000000, 0.000000;;,
      25;4;-0.707107,-0.707107,-0.000000, 0.000000;;,
      26;4;-0.707107,-0.707107,-0.000000, 0.000000;;,
      27;4;-0.707107,-0.707107,-0.000000, 0.000000;;,
      28;4;-0.707107,-0.707107,-0.000000, 0.000000;;,
      29;4;-0.707107,-0.707107,-0.000000, 0.000000;;,
      30;4;-0.707107,-0.707107,-0.000000, 0.000000;;,
      31;4;-0.707107,-0.707107,-0.000000, 0.000000;;,
      32;4;-0.707107,-0.707107,-0.000000, 0.000000;;,
      33;4;-0.707107,-0.707107,-0.000000, 0.000000;;,
      34;4;-0.707107,-0.707107,-0.000000, 0.000000;;,
      35;4;-0.707107,-0.707107,-0.000000, 0.000000;;,
      36;4;-0.707107,-0.707107,-0.000000, 0.000000;;,
      37;4;-0.707107,-0.707107,-0.000000, 0.000000;;,
      38;4;-0.707107,-0.707107,-0.000000, 0.000000;;,
