xof 0303txt 0032

template XSkinMeshHeader {
  <3cf169ce-ff7c-44ab-93c0-f78f62d172e2>
  WORD nMaxSkinWeightsPerVertex;
  WORD nMaxSkinWeightsPerFace;
  WORD nBones;
}

template SkinWeights {
  <6f0d123b-bad2-4167-a0d0-80224f25fabb>
  STRING transformNodeName;
  DWORD nWeights;
  array DWORD vertexIndices[nWeights];
  array float weights[nWeights];
  Matrix4x4 matrixOffset;
}

Frame Root {
  FrameTransformMatrix {
     1.000000, 0.000000, 0.000000, 0.000000,
     0.000000,-0.000000,-1.000000, 0.000000,
     0.000000, 1.000000,-0.000000, 0.000000,
     0.000000, 0.000000, 0.000000, 1.000000;;
  }
  Frame Armature {
    FrameTransformMatrix {
       0.100000, 0.000000, 0.000000, 0.000000,
       0.000000,-0.000000, 0.100000, 0.000000,
       0.000000,-0.100000,-0.000000, 0.000000,
       0.000000, 0.000000, 0.000000, 1.000000;;
    }
    Frame Armature_mixamorig_Hips {
      FrameTransformMatrix {
         0.731186,-0.001634, 0.682176, 0.000000,
         0.054127, 0.996983,-0.055628, 0.000000,
        -0.680027, 0.077599, 0.729069, 0.000000,
         0.236639,98.914139, 3.961707, 1.000000;;
      }
      Frame Armature_mixamorig_LeftUpLeg {
        FrameTransformMatrix {
          -0.948113,-0.243226, 0.204706, 0.000000,
           0.305467,-0.875369, 0.374725, 0.000000,
           0.088053, 0.417816, 0.904254, 0.000000,
           7.707782,-5.105726, 0.126759, 1.000000;;
        }
        Frame Armature_mixamorig_LeftLeg {
          FrameTransformMatrix {
             0.962463,-0.191833,-0.192002, 0.000000,
             0.045100, 0.810620,-0.583832, 0.000000,
             0.267639, 0.553258, 0.788844, 0.000000,
            -0.000002,45.952496, 0.000001, 1.000000;;
          }
          Frame Armature_mixamorig_LeftFoot {
            FrameTransformMatrix {
               0.989466,-0.127385, 0.068777, 0.000000,
              -0.005385, 0.442371, 0.896815, 0.000000,
              -0.144666,-0.887738, 0.437025, 0.000000,
               0.000001,44.565880, 0.000000, 1.000000;;
            }
            Frame Armature_mixamorig_LeftToeBase {
              FrameTransformMatrix {
                 0.973376,-0.047429, 0.224253, 0.000000,
                -0.095405, 0.805748, 0.584524, 0.000000,
                -0.208415,-0.590356, 0.779771, 0.000000,
                 0.000001,18.311049,-0.000001, 1.000000;;
              }
              Frame Armature_mixamorig_LeftToe_End {
                FrameTransformMatrix {
                   1.000000,-0.000000, 0.000000, 0.000000,
                   0.000000, 1.000000,-0.000000, 0.000000,
                  -0.000000, 0.000000, 1.000000, 0.000000,
                  -0.000007, 6.608832, 0.000000, 1.000000;;
                }
                Frame Armature_mixamorig_LeftToe_End_end {
                  FrameTransformMatrix {
                     1.000000, 0.000000, 0.000000, 0.000000,
                    -0.000000, 1.000000, 0.000000, 0.000000,
                    -0.000000,-0.000000, 1.000000, 0.000000,
                     0.000000, 6.608828, 0.000000, 1.000000;;
                  }
                } // End of Armature_mixamorig_LeftToe_End_end
              } // End of Armature_mixamorig_LeftToe_End
            } // End of Armature_mixamorig_LeftToeBase
          } // End of Armature_mixamorig_LeftFoot
        } // End of Armature_mixamorig_LeftLeg
      } // End of Armature_mixamorig_LeftUpLeg
      Frame Armature_mixamorig_RightUpLeg {
        FrameTransformMatrix {
          -0.921345, 0.292397,-0.256195, 0.000000,
          -0.305691,-0.952045, 0.012763, 0.000000,
          -0.240178, 0.090075, 0.966541, 0.000000,
          -7.707784,-5.105721, 0.340400, 1.000000;;
        }
        Frame Armature_mixamorig_RightLeg {
          FrameTransformMatrix {
             0.989818,-0.058047,-0.129965, 0.000000,
            -0.027856, 0.816413,-0.576797, 0.000000,
             0.139587, 0.574544, 0.806483, 0.000000,
            -0.000001,45.947212,-0.000003, 1.000000;;
          }
          Frame Armature_mixamorig_RightFoot {
            FrameTransformMatrix {
               0.949482, 0.311935,-0.034358, 0.000000,
              -0.027893, 0.192933, 0.980815, 0.000000,
               0.312579,-0.930308, 0.191887, 0.000000,
               0.000001,44.572083, 0.000000, 1.000000;;
            }
            Frame Armature_mixamorig_RightToeBase {
              FrameTransformMatrix {
                 0.964264, 0.006599,-0.264861, 0.000000,
                 0.152114, 0.804713, 0.573845, 0.000000,
                 0.216924,-0.593627, 0.774952, 0.000000,
                -0.000001,18.116947, 0.000003, 1.000000;;
              }
              Frame Armature_mixamorig_RightToe_End {
                FrameTransformMatrix {
                   1.000000,-0.000000, 0.000003, 0.000000,
                   0.000000, 1.000000, 0.000000, 0.000000,
                  -0.000003,-0.000000, 1.000000, 0.000000,
                   0.000003, 6.707249, 0.000000, 1.000000;;
                }
                Frame Armature_mixamorig_RightToe_End_end {
                  FrameTransformMatrix {
                     1.000000, 0.000000, 0.000000, 0.000000,
                    -0.000000, 1.000000,-0.000000, 0.000000,
                    -0.000000, 0.000000, 1.000000, 0.000000,
                    -0.000003, 6.707253, 0.000000, 1.000000;;
                  }
                } // End of Armature_mixamorig_RightToe_End_end
              } // End of Armature_mixamorig_RightToe_End
            } // End of Armature_mixamorig_RightToeBase
          } // End of Armature_mixamorig_RightFoot
        } // End of Armature_mixamorig_RightLeg
      } // End of Armature_mixamorig_RightUpLeg
      Frame Armature_mixamorig_Spine {
        FrameTransformMatrix {
           0.996801,-0.009357,-0.079372, 0.000000,
           0.019053, 0.992311, 0.122296, 0.000000,
           0.077617,-0.123417, 0.989315, 0.000000,
          -0.000001, 9.170838, 0.205813, 1.000000;;
        }
        Frame Armature_mixamorig_Spine1 {
          FrameTransformMatrix {
             0.986183,-0.023941,-0.163923, 0.000000,
             0.056411, 0.978899, 0.196405, 0.000000,
             0.155762,-0.202938, 0.966724, 0.000000,
             0.000000,10.702008,-0.000000, 1.000000;;
          }
          Frame Armature_mixamorig_Spine2 {
            FrameTransformMatrix {
               0.986182,-0.023941,-0.163924, 0.000000,
               0.056411, 0.978899, 0.196405, 0.000000,
               0.155763,-0.202938, 0.966723, 0.000000,
               0.000001,12.230850, 0.000003, 1.000000;;
            }
            Frame Armature_mixamorig_LeftShoulder {
              FrameTransformMatrix {
                 0.025960, 0.022547,-0.999409, 0.000000,
                 0.865510,-0.500766, 0.011185, 0.000000,
                -0.500218,-0.865289,-0.032514, 0.000000,
                 5.180535,11.652149, 0.054655, 1.000000;;
              }
              Frame Armature_mixamorig_LeftArm {
                FrameTransformMatrix {
                   0.965827, 0.025463, 0.257936, 0.000000,
                  -0.208941, 0.665360, 0.716687, 0.000000,
                  -0.153371,-0.746089, 0.647942, 0.000000,
                   0.000008,10.993572,-0.000013, 1.000000;;
                }
                Frame Armature_mixamorig_LeftForeArm {
                  FrameTransformMatrix {
                     0.560936, 0.795932,-0.227690, 0.000000,
                    -0.826010, 0.556472,-0.089704, 0.000000,
                     0.055305, 0.238392, 0.969593, 0.000000,
                    -0.000002,21.306499, 0.000000, 1.000000;;
                  }
                  Frame Armature_mixamorig_LeftHand {
                    FrameTransformMatrix {
                       0.950153,-0.203117,-0.236544, 0.000000,
                       0.111446, 0.929811,-0.350757, 0.000000,
                       0.291187, 0.306911, 0.906099, 0.000000,
                       0.000004,24.281305, 0.000003, 1.000000;;
                    }
                    Frame Armature_mixamorig_LeftHandIndex1 {
                      FrameTransformMatrix {
                         0.969986, 0.243030, 0.007901, 0.000000,
                        -0.243053, 0.970011, 0.002029, 0.000000,
                        -0.007171,-0.003889, 0.999967, 0.000000,
                        -4.000834,10.644610, 0.188382, 1.000000;;
                      }
                      Frame Armature_mixamorig_LeftHandIndex2 {
                        FrameTransformMatrix {
                           0.999917,-0.012871,-0.000240, 0.000000,
                           0.012431, 0.960532, 0.277892, 0.000000,
                          -0.003346,-0.277872, 0.960612, 0.000000,
                          -0.000051, 3.442448,-0.000024, 1.000000;;
                        }
                        Frame Armature_mixamorig_LeftHandIndex3 {
                          FrameTransformMatrix {
                             1.000000,-0.000000, 0.000000, 0.000000,
                             0.000000, 0.999940, 0.010962, 0.000000,
                            -0.000001,-0.010962, 0.999940, 0.000000,
                            -0.000149, 3.228646, 0.000025, 1.000000;;
                          }
                          Frame Armature_mixamorig_LeftHandIndex4 {
                            FrameTransformMatrix {
                               1.000000, 0.000000,-0.000000, 0.000000,
                              -0.000000, 1.000000, 0.000001, 0.000000,
                               0.000000,-0.000001, 1.000000, 0.000000,
                               0.000204, 2.712026,-0.000010, 1.000000;;
                            }
                            Frame Armature_mixamorig_LeftHandIndex4_end {
                              FrameTransformMatrix {
                                 1.000000,-0.000000, 0.000000, 0.000000,
                                 0.000000, 1.000000, 0.000000, 0.000000,
                                 0.000000, 0.000000, 1.000000, 0.000000,
                                -0.000004, 2.712034,-0.000001, 1.000000;;
                              }
                            } // End of Armature_mixamorig_LeftHandIndex4_end
                          } // End of Armature_mixamorig_LeftHandIndex4
                        } // End of Armature_mixamorig_LeftHandIndex3
                      } // End of Armature_mixamorig_LeftHandIndex2
                    } // End of Armature_mixamorig_LeftHandIndex1
                    Frame Armature_mixamorig_LeftHandMiddle1 {
                      FrameTransformMatrix {
                         0.996446,-0.083818,-0.008352, 0.000000,
                         0.084233, 0.991155, 0.102553, 0.000000,
                        -0.000317,-0.102892, 0.994693, 0.000000,
                        -1.145579,10.269857, 0.098153, 1.000000;;
                      }
                      Frame Armature_mixamorig_LeftHandMiddle2 {
                        FrameTransformMatrix {
                           0.999524, 0.028679, 0.011348, 0.000000,
                          -0.030696, 0.889229, 0.456430, 0.000000,
                           0.002999,-0.456561, 0.889687, 0.000000,
                          -0.001411, 4.567476,-0.000003, 1.000000;;
                        }
                        Frame Armature_mixamorig_LeftHandMiddle3 {
                          FrameTransformMatrix {
                             1.000000, 0.000000,-0.000000, 0.000000,
                            -0.000000, 0.999736,-0.022944, 0.000000,
                             0.000000, 0.022944, 0.999737, 0.000000,
                             0.001011, 4.214497,-0.000021, 1.000000;;
                          }
                          Frame Armature_mixamorig_LeftHandMiddle4 {
                            FrameTransformMatrix {
                               1.000000,-0.000000, 0.000000, 0.000000,
                               0.000000, 1.000000, 0.000001, 0.000000,
                              -0.000000,-0.000001, 1.000000, 0.000000,
                               0.000395, 3.872911,-0.000008, 1.000000;;
                            }
                            Frame Armature_mixamorig_LeftHandMiddle4_end {
                              FrameTransformMatrix {
                                 1.000000, 0.000000,-0.000000, 0.000000,
                                -0.000000, 1.000000, 0.000000, 0.000000,
                                 0.000000,-0.000000, 1.000000, 0.000000,
                                -0.000004, 3.872909, 0.000004, 1.000000;;
                              }
                            } // End of Armature_mixamorig_LeftHandMiddle4_end
                          } // End of Armature_mixamorig_LeftHandMiddle4
                        } // End of Armature_mixamorig_LeftHandMiddle3
                      } // End of Armature_mixamorig_LeftHandMiddle2
                    } // End of Armature_mixamorig_LeftHandMiddle1
                    Frame Armature_mixamorig_LeftHandPinky1 {
                      FrameTransformMatrix {
                         0.857568,-0.513449,-0.030765, 0.000000,
                         0.466443, 0.751061, 0.467267, 0.000000,
                        -0.216812,-0.415063, 0.883581, 0.000000,
                         3.634710,10.279562, 0.214937, 1.000000;;
                      }
                      Frame Armature_mixamorig_LeftHandPinky2 {
                        FrameTransformMatrix {
                           0.993261, 0.113528, 0.023310, 0.000000,
                          -0.099323, 0.730177, 0.676000, 0.000000,
                           0.059725,-0.673760, 0.736533, 0.000000,
                           0.001714, 3.272558, 0.000007, 1.000000;;
                        }
                        Frame Armature_mixamorig_LeftHandPinky3 {
                          FrameTransformMatrix {
                             1.000000, 0.000000,-0.000000, 0.000000,
                            -0.000000, 0.999602,-0.028187, 0.000000,
                             0.000000, 0.028187, 0.999603, 0.000000,
                            -0.001556, 2.574722,-0.000034, 1.000000;;
                          }
                          Frame Armature_mixamorig_LeftHandPinky4 {
                            FrameTransformMatrix {
                               1.000000,-0.000000, 0.000000, 0.000000,
                               0.000000, 1.000000,-0.000000, 0.000000,
                              -0.000000, 0.000000, 1.000000, 0.000000,
                              -0.000164, 2.249521, 0.000015, 1.000000;;
                            }
                            Frame Armature_mixamorig_LeftHandPinky4_end {
                              FrameTransformMatrix {
                                 1.000000, 0.000000,-0.000000, 0.000000,
                                -0.000000, 1.000000, 0.000000, 0.000000,
                                 0.000000,-0.000000, 1.000000, 0.000000,
                                 0.000000, 2.249514, 0.000002, 1.000000;;
                              }
                            } // End of Armature_mixamorig_LeftHandPinky4_end
                          } // End of Armature_mixamorig_LeftHandPinky4
                        } // End of Armature_mixamorig_LeftHandPinky3
                      } // End of Armature_mixamorig_LeftHandPinky2
                    } // End of Armature_mixamorig_LeftHandPinky1
                    Frame Armature_mixamorig_LeftHandRing1 {
                      FrameTransformMatrix {
                         0.949525,-0.311865,-0.033804, 0.000000,
                         0.289088, 0.828120, 0.480256, 0.000000,
                        -0.121782,-0.465787, 0.876477, 0.000000,
                         1.511717,10.276354, 0.094556, 1.000000;;
                      }
                      Frame Armature_mixamorig_LeftHandRing2 {
                        FrameTransformMatrix {
                           0.998655, 0.050975, 0.009456, 0.000000,
                          -0.048760, 0.861512, 0.505389, 0.000000,
                           0.017616,-0.505171, 0.862839, 0.000000,
                          -0.000585, 3.979027,-0.000044, 1.000000;;
                        }
                        Frame Armature_mixamorig_LeftHandRing3 {
                          FrameTransformMatrix {
                             1.000000, 0.000000, 0.000000, 0.000000,
                            -0.000000, 0.999734,-0.023081, 0.000000,
                            -0.000000, 0.023081, 0.999734, 0.000000,
                             0.000091, 3.715584, 0.000027, 1.000000;;
                          }
                          Frame Armature_mixamorig_LeftHandRing4 {
                            FrameTransformMatrix {
                               1.000000, 0.000000,-0.000000, 0.000000,
                              -0.000000, 1.000000,-0.000000, 0.000000,
                               0.000000, 0.000000, 1.000000, 0.000000,
                               0.000499, 3.315380, 0.000012, 1.000000;;
                            }
                            Frame Armature_mixamorig_LeftHandRing4_end {
                              FrameTransformMatrix {
                                 1.000000,-0.000000, 0.000000, 0.000000,
                                 0.000000, 1.000000, 0.000000, 0.000000,
                                -0.000000,-0.000000, 1.000000, 0.000000,
                                 0.000003, 3.315384, 0.000000, 1.000000;;
                              }
                            } // End of Armature_mixamorig_LeftHandRing4_end
                          } // End of Armature_mixamorig_LeftHandRing4
                        } // End of Armature_mixamorig_LeftHandRing3
                      } // End of Armature_mixamorig_LeftHandRing2
                    } // End of Armature_mixamorig_LeftHandRing1
                    Frame Armature_mixamorig_LeftHandThumb1 {
                      FrameTransformMatrix {
                         0.692808, 0.714331,-0.098732, 0.000000,
                        -0.601525, 0.647978, 0.467218, 0.000000,
                         0.397724,-0.264303, 0.878612, 0.000000,
                        -3.268706, 2.020262, 1.309105, 1.000000;;
                      }
                      Frame Armature_mixamorig_LeftHandThumb2 {
                        FrameTransformMatrix {
                           0.999993,-0.003088,-0.002070, 0.000000,
                           0.002931, 0.997417,-0.071767, 0.000000,
                           0.002286, 0.071761, 0.997419, 0.000000,
                          -0.446731, 3.216748,-0.000008, 1.000000;;
                        }
                        Frame Armature_mixamorig_LeftHandThumb3 {
                          FrameTransformMatrix {
                             1.000000, 0.000000,-0.000001, 0.000000,
                            -0.000000, 0.984486,-0.175466, 0.000000,
                             0.000001, 0.175466, 0.984486, 0.000000,
                             0.289028, 4.061808,-0.000042, 1.000000;;
                          }
                          Frame Armature_mixamorig_LeftHandThumb4 {
                            FrameTransformMatrix {
                               1.000000, 0.000000,-0.000000, 0.000000,
                              -0.000000, 1.000000,-0.000000, 0.000000,
                               0.000000, 0.000000, 1.000000, 0.000000,
                               0.157697, 3.553970,-0.000003, 1.000000;;
                            }
                            Frame Armature_mixamorig_LeftHandThumb4_end {
                              FrameTransformMatrix {
                                 1.000000,-0.000000,-0.000000, 0.000000,
                                -0.000000, 1.000000, 0.000000, 0.000000,
                                 0.000000,-0.000000, 1.000000, 0.000000,
                                -0.000002, 3.557459, 0.000004, 1.000000;;
                              }
                            } // End of Armature_mixamorig_LeftHandThumb4_end
                          } // End of Armature_mixamorig_LeftHandThumb4
                        } // End of Armature_mixamorig_LeftHandThumb3
                      } // End of Armature_mixamorig_LeftHandThumb2
                    } // End of Armature_mixamorig_LeftHandThumb1
                  } // End of Armature_mixamorig_LeftHand
                } // End of Armature_mixamorig_LeftForeArm
              } // End of Armature_mixamorig_LeftArm
            } // End of Armature_mixamorig_LeftShoulder
            Frame Armature_mixamorig_Neck {
              FrameTransformMatrix {
                 0.999747, 0.005702, 0.021760, 0.000000,
                -0.003555, 0.995232,-0.097465, 0.000000,
                -0.022212, 0.097363, 0.995001, 0.000000,
                 0.000002,13.759704,-0.000007, 1.000000;;
              }
              Frame Armature_mixamorig_Head {
                FrameTransformMatrix {
                   0.937054,-0.044881,-0.346288, 0.000000,
                   0.006340, 0.993729,-0.111635, 0.000000,
                   0.349127, 0.102413, 0.931463, 0.000000,
                   0.000003, 7.527279,-0.214811, 1.000000;;
                }
                Frame Armature_mixamorig_HeadTop_End {
                  FrameTransformMatrix {
                     1.000000, 0.000000, 0.000000, 0.000000,
                    -0.000000, 1.000000, 0.000000, 0.000000,
                     0.000000,-0.000000, 1.000000, 0.000000,
                     0.000001,26.017395,-0.742485, 1.000000;;
                  }
                  Frame Armature_mixamorig_HeadTop_End_end {
                    FrameTransformMatrix {
                       1.000000, 0.000000, 0.000000, 0.000000,
                       0.000000, 1.000000, 0.000000, 0.000000,
                      -0.000000,-0.000000, 1.000000, 0.000000,
                      -0.000001,26.028011, 0.000002, 1.000000;;
                    }
                  } // End of Armature_mixamorig_HeadTop_End_end
                } // End of Armature_mixamorig_HeadTop_End
              } // End of Armature_mixamorig_Head
            } // End of Armature_mixamorig_Neck
            Frame Armature_mixamorig_RightShoulder {
              FrameTransformMatrix {
                 0.175833,-0.021533, 0.984185, 0.000000,
                -0.836949,-0.529612, 0.137941, 0.000000,
                 0.518266,-0.847967,-0.111145, 0.000000,
                -5.180531,11.651796, 0.039944, 1.000000;;
              }
              Frame Armature_mixamorig_RightArm {
                FrameTransformMatrix {
                   0.911398, 0.400523,-0.094526, 0.000000,
                  -0.212188, 0.654172, 0.725972, 0.000000,
                   0.352604,-0.641592, 0.681197, 0.000000,
                   0.000002,10.993586, 0.000006, 1.000000;;
                }
                Frame Armature_mixamorig_RightForeArm {
                  FrameTransformMatrix {
                     0.635278,-0.772116, 0.016091, 0.000000,
                     0.771495, 0.633549,-0.058407, 0.000000,
                     0.034903, 0.049519, 0.998163, 0.000000,
                    -0.000006,21.306320, 0.000001, 1.000000;;
                  }
                  Frame Armature_mixamorig_RightHand {
                    FrameTransformMatrix {
                       0.991842,-0.013583, 0.126749, 0.000000,
                      -0.011741, 0.980347, 0.196930, 0.000000,
                      -0.126933,-0.196811, 0.972190, 0.000000,
                      -0.000001,24.291639,-0.000005, 1.000000;;
                    }
                    Frame Armature_mixamorig_RightHandIndex1 {
                      FrameTransformMatrix {
                         0.986562,-0.162115,-0.020332, 0.000000,
                         0.162214, 0.986750, 0.003320, 0.000000,
                         0.019525,-0.006573, 0.999787, 0.000000,
                         3.876467,10.479923, 0.248497, 1.000000;;
                      }
                      Frame Armature_mixamorig_RightHandIndex2 {
                        FrameTransformMatrix {
                           0.999865, 0.016312, 0.002282, 0.000000,
                          -0.016207, 0.949614, 0.313004, 0.000000,
                           0.002938,-0.312998, 0.949749, 0.000000,
                           0.001573, 3.405112,-0.000018, 1.000000;;
                        }
                        Frame Armature_mixamorig_RightHandIndex3 {
                          FrameTransformMatrix {
                             1.000000,-0.000000, 0.000000, 0.000000,
                             0.000000, 0.999485, 0.032082, 0.000000,
                            -0.000000,-0.032082, 0.999485, 0.000000,
                            -0.000140, 3.328512,-0.000014, 1.000000;;
                          }
                          Frame Armature_mixamorig_RightHandIndex4 {
                            FrameTransformMatrix {
                               1.000000,-0.000000, 0.000000, 0.000000,
                               0.000000, 1.000000, 0.000000, 0.000000,
                              -0.000000,-0.000000, 1.000000, 0.000000,
                              -0.001430, 2.857782, 0.000007, 1.000000;;
                            }
                            Frame Armature_mixamorig_RightHandIndex4_end {
                              FrameTransformMatrix {
                                 1.000000, 0.000000, 0.000000, 0.000000,
                                -0.000000, 1.000000, 0.000000, 0.000000,
                                -0.000000,-0.000000, 1.000000, 0.000000,
                                -0.000003, 2.857757,-0.000003, 1.000000;;
                              }
                            } // End of Armature_mixamorig_RightHandIndex4_end
                          } // End of Armature_mixamorig_RightHandIndex4
                        } // End of Armature_mixamorig_RightHandIndex3
                      } // End of Armature_mixamorig_RightHandIndex2
                    } // End of Armature_mixamorig_RightHandIndex1
                    Frame Armature_mixamorig_RightHandMiddle1 {
                      FrameTransformMatrix {
                         0.999029,-0.040748,-0.016740, 0.000000,
                         0.042473, 0.991806, 0.120486, 0.000000,
                         0.011693,-0.121080, 0.992574, 0.000000,
                         1.265772,10.731010,-0.044028, 1.000000;;
                      }
                      Frame Armature_mixamorig_RightHandMiddle2 {
                        FrameTransformMatrix {
                           0.999137,-0.038806,-0.014794, 0.000000,
                           0.040718, 0.845244, 0.532827, 0.000000,
                          -0.008172,-0.532970, 0.846095, 0.000000,
                           0.001795, 4.302088,-0.000023, 1.000000;;
                        }
                        Frame Armature_mixamorig_RightHandMiddle3 {
                          FrameTransformMatrix {
                             1.000000,-0.000000, 0.000000, 0.000000,
                            -0.000000, 0.996814, 0.079765, 0.000000,
                            -0.000000,-0.079765, 0.996814, 0.000000,
                             0.000399, 4.040880,-0.000008, 1.000000;;
                          }
                          Frame Armature_mixamorig_RightHandMiddle4 {
                            FrameTransformMatrix {
                               1.000000,-0.000000, 0.000000, 0.000000,
                              -0.000000, 1.000000, 0.000000, 0.000000,
                               0.000000,-0.000000, 1.000000, 0.000000,
                              -0.002204, 3.587894, 0.000006, 1.000000;;
                            }
                            Frame Armature_mixamorig_RightHandMiddle4_end {
                              FrameTransformMatrix {
                                 1.000000, 0.000000, 0.000000, 0.000000,
                                 0.000000, 1.000000,-0.000000, 0.000000,
                                 0.000000, 0.000000, 1.000000, 0.000000,
                                -0.000002, 3.587892, 0.000004, 1.000000;;
                              }
                            } // End of Armature_mixamorig_RightHandMiddle4_end
                          } // End of Armature_mixamorig_RightHandMiddle4
                        } // End of Armature_mixamorig_RightHandMiddle3
                      } // End of Armature_mixamorig_RightHandMiddle2
                    } // End of Armature_mixamorig_RightHandMiddle1
                    Frame Armature_mixamorig_RightHandPinky1 {
                      FrameTransformMatrix {
                         0.921358, 0.387029, 0.036148, 0.000000,
                        -0.380282, 0.878202, 0.290080, 0.000000,
                         0.080524,-0.281014, 0.956319, 0.000000,
                        -3.578584,10.364532, 0.239160, 1.000000;;
                      }
                      Frame Armature_mixamorig_RightHandPinky2 {
                        FrameTransformMatrix {
                           0.986446,-0.157111,-0.047330, 0.000000,
                           0.143276, 0.684147, 0.715132, 0.000000,
                          -0.079974,-0.712221, 0.697385, 0.000000,
                          -0.001981, 3.211693, 0.000006, 1.000000;;
                        }
                        Frame Armature_mixamorig_RightHandPinky3 {
                          FrameTransformMatrix {
                             1.000000, 0.000001,-0.000001, 0.000000,
                            -0.000001, 0.996351,-0.085346, 0.000000,
                             0.000001, 0.085346, 0.996351, 0.000000,
                             0.003113, 2.578189, 0.000007, 1.000000;;
                          }
                          Frame Armature_mixamorig_RightHandPinky4 {
                            FrameTransformMatrix {
                               1.000000, 0.000000,-0.000000, 0.000000,
                              -0.000000, 1.000000,-0.000001, 0.000000,
                               0.000000, 0.000001, 1.000000, 0.000000,
                              -0.001134, 2.342506,-0.000006, 1.000000;;
                            }
                            Frame Armature_mixamorig_RightHandPinky4_end {
                              FrameTransformMatrix {
                                 1.000000,-0.000000, 0.000000, 0.000000,
                                 0.000000, 1.000000,-0.000000, 0.000000,
                                -0.000000, 0.000000, 1.000000, 0.000000,
                                -0.000002, 2.342490,-0.000002, 1.000000;;
                              }
                            } // End of Armature_mixamorig_RightHandPinky4_end
                          } // End of Armature_mixamorig_RightHandPinky4
                        } // End of Armature_mixamorig_RightHandPinky3
                      } // End of Armature_mixamorig_RightHandPinky2
                    } // End of Armature_mixamorig_RightHandPinky1
                    Frame Armature_mixamorig_RightHandRing1 {
                      FrameTransformMatrix {
                         0.987704, 0.153950, 0.027192, 0.000000,
                        -0.155617, 0.951565, 0.265154, 0.000000,
                         0.014945,-0.266126, 0.963822, 0.000000,
                        -1.563646,10.580327, 0.239560, 1.000000;;
                      }
                      Frame Armature_mixamorig_RightHandRing2 {
                        FrameTransformMatrix {
                           0.996681,-0.076622,-0.027511, 0.000000,
                           0.075465, 0.742758, 0.665293, 0.000000,
                          -0.030542,-0.665161, 0.746075, 0.000000,
                          -0.000549, 3.718182,-0.000020, 1.000000;;
                        }
                        Frame Armature_mixamorig_RightHandRing3 {
                          FrameTransformMatrix {
                             1.000000,-0.000000, 0.000000, 0.000000,
                             0.000000, 0.999915, 0.012981, 0.000000,
                            -0.000000,-0.012981, 0.999916, 0.000000,
                            -0.000323, 3.643952,-0.000017, 1.000000;;
                          }
                          Frame Armature_mixamorig_RightHandRing4 {
                            FrameTransformMatrix {
                               1.000000, 0.000000,-0.000000, 0.000000,
                              -0.000000, 1.000000, 0.000000, 0.000000,
                               0.000000,-0.000000, 1.000000, 0.000000,
                               0.000870, 3.025699,-0.000007, 1.000000;;
                            }
                            Frame Armature_mixamorig_RightHandRing4_end {
                              FrameTransformMatrix {
                                 1.000000, 0.000000,-0.000000, 0.000000,
                                -0.000000, 1.000000, 0.000000, 0.000000,
                                -0.000000, 0.000000, 1.000000, 0.000000,
                                 0.000001, 3.025675, 0.000001, 1.000000;;
                              }
                            } // End of Armature_mixamorig_RightHandRing4_end
                          } // End of Armature_mixamorig_RightHandRing4
                        } // End of Armature_mixamorig_RightHandRing3
                      } // End of Armature_mixamorig_RightHandRing2
                    } // End of Armature_mixamorig_RightHandRing1
                    Frame Armature_mixamorig_RightHandThumb1 {
                      FrameTransformMatrix {
                         0.718987,-0.678233,-0.151847, 0.000000,
                         0.689164, 0.667392, 0.282207, 0.000000,
                        -0.090061,-0.307550, 0.947260, 0.000000,
                         3.351174, 2.208740, 1.381232, 1.000000;;
                      }
                      Frame Armature_mixamorig_RightHandThumb2 {
                        FrameTransformMatrix {
                           0.933864, 0.356975,-0.021594, 0.000000,
                          -0.357439, 0.933629,-0.023959, 0.000000,
                           0.011608, 0.030094, 0.999480, 0.000000,
                           0.503297, 3.358174,-0.000018, 1.000000;;
                        }
                        Frame Armature_mixamorig_RightHandThumb3 {
                          FrameTransformMatrix {
                             1.000000,-0.000001, 0.000002, 0.000000,
                             0.000001, 0.978269,-0.207337, 0.000000,
                            -0.000002, 0.207337, 0.978270, 0.000000,
                            -0.013909, 3.929757, 0.000003, 1.000000;;
                          }
                          Frame Armature_mixamorig_RightHandThumb4 {
                            FrameTransformMatrix {
                               1.000000,-0.000000, 0.000000, 0.000000,
                               0.000000, 1.000000,-0.000000, 0.000000,
                              -0.000000, 0.000000, 1.000000, 0.000000,
                              -0.489396, 3.302341,-0.000009, 1.000000;;
                            }
                            Frame Armature_mixamorig_RightHandThumb4_end {
                              FrameTransformMatrix {
                                 1.000000, 0.000000,-0.000001, 0.000000,
                                -0.000000, 1.000000, 0.000000, 0.000000,
                                 0.000001,-0.000000, 1.000000, 0.000000,
                                 0.000000, 3.338407,-0.000002, 1.000000;;
                              }
                            } // End of Armature_mixamorig_RightHandThumb4_end
                          } // End of Armature_mixamorig_RightHandThumb4
                        } // End of Armature_mixamorig_RightHandThumb3
                      } // End of Armature_mixamorig_RightHandThumb2
                    } // End of Armature_mixamorig_RightHandThumb1
                  } // End of Armature_mixamorig_RightHand
                } // End of Armature_mixamorig_RightForeArm
              } // End of Armature_mixamorig_RightArm
            } // End of Armature_mixamorig_RightShoulder
          } // End of Armature_mixamorig_Spine2
        } // End of Armature_mixamorig_Spine1
      } // End of Armature_mixamorig_Spine
    } // End of Armature_mixamorig_Hips
    Frame Adventurer_Body {
      FrameTransformMatrix {
        100.000023, 0.000000,-0.000000, 0.000000,
        -0.000000,-0.000028,-100.000023, 0.000000,
         0.000000,100.000023,-0.000028, 0.000000,
         0.000003,-0.000001,-0.000004, 1.000000;;
      }
    } // End of Adventurer_Body
    Frame Adventurer_Feet {
      FrameTransformMatrix {
        100.000023, 0.000002, 0.000001, 0.000000,
        -0.000002,-0.000028,-100.000023, 0.000000,
         0.000002,100.000023,-0.000028, 0.000000,
         0.000001, 0.000005,-0.000004, 1.000000;;
      }
    } // End of Adventurer_Feet
    Frame Adventurer_Head {
      FrameTransformMatrix {
        99.999977, 0.000000, 0.000000, 0.000000,
        -0.000000,-0.000028,-100.000023, 0.000000,
         0.000000,100.000023,-0.000028, 0.000000,
         0.000002,-0.000013,-0.000004, 1.000000;;
      }
    } // End of Adventurer_Head
    Frame Adventurer_Legs {
      FrameTransformMatrix {
        100.000023, 0.000002, 0.000001, 0.000000,
        -0.000002,-0.000028,-100.000023, 0.000000,
         0.000002,100.000023,-0.000028, 0.000000,
         0.000001, 0.000005,-0.000004, 1.000000;;
      }
    } // End of Adventurer_Legs
    Frame Backpack {
      FrameTransformMatrix {
        -26.076889,-0.000000,-0.000010, 0.000000,
        -0.000010, 0.000008,26.076881, 0.000000,
        -0.000000,26.076889,-0.000008, 0.000000,
         0.000001,137.266510,-11.664413, 1.000000;;
      }
    } // End of Backpack
  } // End of Armature
} // End of Root
AnimationSet Global {
  Animation {
    {Adventurer_Body}
    AnimationKey { // Rotation
      0;
      118;
      0;4;-0.707107,-0.707107,-0.000000, 0.000000;;,
      1;4;-0.707107,-0.707107,-0.000000, 0.000000;;,
      2;4;-0.707107,-0.707107,-0.000000, 0.000000;;,
      3;4;-0.707107,-0.707107,-0.000000, 0.000000;;,
      4;4;-0.707107,-0.707107,-0.000000, 0.000000;;,
      5;4;-0.707107,-0.707107,-0.000000, 0.000000;;,
      6;4;-0.707107,-0.707107,-0.000000, 0.000000;;,
      7;4;-0.707107,-0.707107,-0.000000, 0.000000;;,
      8;4;-0.707107,-0.707107,-0.000000, 0.000000;;,
      9;4;-0.707107,-0.707107,-0.000000, 0.000000;;,
      10;4;-0.707107,-0.707107,-0.000000, 0.000000;;,
      11;4;-0.707107,-0.707107,-0.000000, 0.000000;;,
      12;4;-0.707107,-0.707107,-0.000000, 0.000000;;,
      13;4;-0.707107,-0.707107,-0.000000, 0.000000;;,
      14;4;-0.707107,-0.707107,-0.000000, 0.000000;;,
      15;4;-0.707107,-0.707107,-0.000000, 0.000000;;,
      16;4;-0.707107,-0.707107,-0.000000, 0.000000;;,
      17;4;-0.707107,-0.707107,-0.000000, 0.000000;;,
      18;4;-0.707107,-0.707107,-0.000000, 0.000000;;,
      19;4;-0.707107,-0.707107,-0.000000, 0.000000;;,
      20;4;-0.707107,-0.707107,-0.000000, 0.000000;;,
      21;4;-0.707107,-0.707107,-0.000000, 0.000000;;,
      22;4;-0.707107,-0.707107,-0.000000, 0.000000;;,
      23;4;-0.707107,-0.707107,-0.000000, 0.000000;;,
      24;4;-0.707107,-0.707107,-0.000000, 0.000000;;,
      25;4;-0.707107,-0.707107,-0.000000, 0.000000;;,
      26;4;-0.707107,-0.707107,-0.000000, 0.000000;;,
      27;4;-0.707107,-0.707107,-0.000000, 0.000000;;,
      28;4;-0.707107,-0.707107,-0.000000, 0.000000;;,
      29;4;-0.707107,-0.707107,-0.000000, 0.000000;;,
      30;4;-0.707107,-0.707107,-0.000000, 0.000000;;,
      31;4;-0.707107,-0.707107,-0.000000, 0.000000;;,
      32;4;-0.707107,-0.707107,-0.000000, 0.000000;;,
      33;4;-0.707107,-0.707107,-0.000000, 0.000000;;,
      34;4;-0.707107,-0.707107,-0.000000, 0.000000;;,
      35;4;-0.707107,-0.707107,-0.000000, 0.000000;;,
      36;4;-0.707107,-0.707107,-0.000000, 0.000000;;,
      37;4;-0.707107,-0.707107,-0.000000, 0.000000;;,
      38;4;-0.707107,-0.707107,-0.000000, 0.000000;;,
