xof 0303txt 0032

template XSkinMeshHeader {
  <3cf169ce-ff7c-44ab-93c0-f78f62d172e2>
  WORD nMaxSkinWeightsPerVertex;
  WORD nMaxSkinWeightsPerFace;
  WORD nBones;
}

template SkinWeights {
  <6f0d123b-bad2-4167-a0d0-80224f25fabb>
  STRING transformNodeName;
  DWORD nWeights;
  array DWORD vertexIndices[nWeights];
  array float weights[nWeights];
  Matrix4x4 matrixOffset;
}

Frame Root {
  FrameTransformMatrix {
     1.000000, 0.000000, 0.000000, 0.000000,
     0.000000,-0.000000,-1.000000, 0.000000,
     0.000000, 1.000000,-0.000000, 0.000000,
     0.000000, 0.000000, 0.000000, 1.000000;;
  }
  Frame Armature {
    FrameTransformMatrix {
       0.100000, 0.000000, 0.000000, 0.000000,
       0.000000,-0.000000, 0.100000, 0.000000,
       0.000000,-0.100000,-0.000000, 0.000000,
       0.000000, 0.000000, 0.000000, 1.000000;;
    }
    Frame Armature_mixamorig_Hips {
      FrameTransformMatrix {
         0.978109, 0.047466, 0.202608, 0.000000,
        -0.112615, 0.939481, 0.323563, 0.000000,
        -0.174988,-0.339296, 0.924260, 0.000000,
         0.279435,88.770279, 0.406725, 1.000000;;
      }
      Frame Armature_mixamorig_LeftUpLeg {
        FrameTransformMatrix {
          -0.977698, 0.033984, 0.207199, 0.000000,
           0.155277,-0.547238, 0.822448, 0.000000,
           0.141337, 0.836287, 0.529762, 0.000000,
           7.707784,-5.105717, 0.126751, 1.000000;;
        }
        Frame Armature_mixamorig_LeftLeg {
          FrameTransformMatrix {
             0.996441,-0.077687, 0.032700, 0.000000,
             0.003263,-0.352113,-0.935952, 0.000000,
             0.084226, 0.932728,-0.350607, 0.000000,
             0.000000,45.952507,-0.000001, 1.000000;;
          }
          Frame Armature_mixamorig_LeftFoot {
            FrameTransformMatrix {
               0.934789, 0.336410, 0.114006, 0.000000,
              -0.176155, 0.160350, 0.971214, 0.000000,
               0.308446,-0.927963, 0.209154, 0.000000,
              -0.000001,44.565876,-0.000003, 1.000000;;
            }
            Frame Armature_mixamorig_LeftToeBase {
              FrameTransformMatrix {
                 0.912024, 0.016736, 0.409795, 0.000000,
                -0.239298, 0.833178, 0.498548, 0.000000,
                -0.333089,-0.552751, 0.763884, 0.000000,
                -0.000003,18.311054,-0.000003, 1.000000;;
              }
              Frame Armature_mixamorig_LeftToe_End {
                FrameTransformMatrix {
                   1.000000, 0.000000, 0.000000, 0.000000,
                  -0.000000, 1.000000,-0.000000, 0.000000,
                  -0.000000, 0.000000, 1.000000, 0.000000,
                   0.000007, 6.608835,-0.000002, 1.000000;;
                }
                Frame Armature_mixamorig_LeftToe_End_end {
                  FrameTransformMatrix {
                     1.000000,-0.000000,-0.000000, 0.000000,
                     0.000000, 1.000000,-0.000000, 0.000000,
                     0.000000, 0.000000, 1.000000, 0.000000,
                     0.000001, 6.608832, 0.000000, 1.000000;;
                  }
                } // End of Armature_mixamorig_LeftToe_End_end
              } // End of Armature_mixamorig_LeftToe_End
            } // End of Armature_mixamorig_LeftToeBase
          } // End of Armature_mixamorig_LeftFoot
        } // End of Armature_mixamorig_LeftLeg
      } // End of Armature_mixamorig_LeftUpLeg
      Frame Armature_mixamorig_RightUpLeg {
        FrameTransformMatrix {
          -0.988465, 0.149381,-0.023396, 0.000000,
          -0.148774,-0.933311, 0.326794, 0.000000,
           0.026976, 0.326518, 0.944806, 0.000000,
          -7.707784,-5.105715, 0.340394, 1.000000;;
        }
        Frame Armature_mixamorig_RightLeg {
          FrameTransformMatrix {
             0.987453, 0.075717, 0.138577, 0.000000,
             0.035772, 0.747483,-0.663317, 0.000000,
            -0.153808, 0.659952, 0.735396, 0.000000,
             0.000001,45.947220, 0.000000, 1.000000;;
          }
          Frame Armature_mixamorig_RightFoot {
            FrameTransformMatrix {
               0.997392, 0.035504,-0.062839, 0.000000,
               0.063498,-0.017734, 0.997824, 0.000000,
               0.034312,-0.999212,-0.019942, 0.000000,
               0.000002,44.572094, 0.000001, 1.000000;;
            }
            Frame Armature_mixamorig_RightToeBase {
              FrameTransformMatrix {
                 0.950690,-0.017378,-0.309657, 0.000000,
                 0.226983, 0.719367, 0.656497, 0.000000,
                 0.211349,-0.694412, 0.687839, 0.000000,
                -0.000000,18.116953,-0.000006, 1.000000;;
              }
              Frame Armature_mixamorig_RightToe_End {
                FrameTransformMatrix {
                   1.000000,-0.000000,-0.000008, 0.000000,
                   0.000000, 1.000000, 0.000000, 0.000000,
                   0.000008,-0.000000, 1.000001, 0.000000,
                  -0.000002, 6.707265, 0.000002, 1.000000;;
                }
                Frame Armature_mixamorig_RightToe_End_end {
                  FrameTransformMatrix {
                     1.000000, 0.000000, 0.000000, 0.000000,
                    -0.000000, 1.000000,-0.000000, 0.000000,
                    -0.000000, 0.000000, 1.000000, 0.000000,
                    -0.000001, 6.707255,-0.000000, 1.000000;;
                  }
                } // End of Armature_mixamorig_RightToe_End_end
              } // End of Armature_mixamorig_RightToe_End
            } // End of Armature_mixamorig_RightToeBase
          } // End of Armature_mixamorig_RightFoot
        } // End of Armature_mixamorig_RightLeg
      } // End of Armature_mixamorig_RightUpLeg
      Frame Armature_mixamorig_Spine {
        FrameTransformMatrix {
           0.990737,-0.056513,-0.123474, 0.000000,
           0.109917, 0.867674, 0.484831, 0.000000,
           0.079736,-0.493912, 0.865848, 0.000000,
           0.000000, 9.170838, 0.205811, 1.000000;;
        }
        Frame Armature_mixamorig_Spine1 {
          FrameTransformMatrix {
             0.999428,-0.010931,-0.032026, 0.000000,
             0.012089, 0.999272, 0.036176, 0.000000,
             0.031608,-0.036542, 0.998832, 0.000000,
             0.000000,10.701995,-0.000005, 1.000000;;
          }
          Frame Armature_mixamorig_Spine2 {
            FrameTransformMatrix {
               0.999388,-0.012518,-0.032671, 0.000000,
               0.013688, 0.999264, 0.035834, 0.000000,
               0.032198,-0.036259, 0.998824, 0.000000,
               0.000000,12.230858, 0.000003, 1.000000;;
            }
            Frame Armature_mixamorig_LeftShoulder {
              FrameTransformMatrix {
                -0.144339, 0.077606,-0.986480, 0.000000,
                 0.779985,-0.604550,-0.161685, 0.000000,
                -0.608924,-0.792778, 0.026729, 0.000000,
                 5.180532,11.652114, 0.054668, 1.000000;;
              }
              Frame Armature_mixamorig_LeftArm {
                FrameTransformMatrix {
                   0.953075, 0.302606, 0.008845, 0.000000,
                  -0.250017, 0.770298, 0.586628, 0.000000,
                   0.170704,-0.561312, 0.809808, 0.000000,
                   0.000009,10.993589,-0.000006, 1.000000;;
                }
                Frame Armature_mixamorig_LeftForeArm {
                  FrameTransformMatrix {
                     0.554547, 0.807137, 0.202506, 0.000000,
                    -0.795813, 0.585516,-0.154444, 0.000000,
                    -0.243228,-0.075510, 0.967026, 0.000000,
                     0.000005,21.306475,-0.000002, 1.000000;;
                  }
                  Frame Armature_mixamorig_LeftHand {
                    FrameTransformMatrix {
                       0.939654, 0.341070, 0.026887, 0.000000,
                      -0.342082, 0.935323, 0.090287, 0.000000,
                       0.005647,-0.094036, 0.995553, 0.000000,
                       0.000000,24.281303, 0.000004, 1.000000;;
                    }
                    Frame Armature_mixamorig_LeftHandIndex1 {
                      FrameTransformMatrix {
                         0.972656, 0.219271, 0.076555, 0.000000,
                        -0.217979, 0.748105, 0.626757, 0.000000,
                         0.080158,-0.626306, 0.775445, 0.000000,
                        -4.000837,10.644613, 0.188333, 1.000000;;
                      }
                      Frame Armature_mixamorig_LeftHandIndex2 {
                        FrameTransformMatrix {
                           0.996850, 0.079295, 0.000920, 0.000000,
                          -0.059412, 0.739095, 0.670977, 0.000000,
                           0.052525,-0.668918, 0.741478, 0.000000,
                          -0.000049, 3.442461,-0.000020, 1.000000;;
                        }
                        Frame Armature_mixamorig_LeftHandIndex3 {
                          FrameTransformMatrix {
                             0.999441,-0.033208,-0.003949, 0.000000,
                             0.033441, 0.993393, 0.109774, 0.000000,
                             0.000278,-0.109844, 0.993948, 0.000000,
                            -0.000159, 3.228664, 0.000035, 1.000000;;
                          }
                          Frame Armature_mixamorig_LeftHandIndex4 {
                            FrameTransformMatrix {
                               1.000000,-0.000000,-0.000000, 0.000000,
                               0.000000, 1.000001,-0.000000, 0.000000,
                               0.000000, 0.000000, 1.000000, 0.000000,
                               0.000202, 2.712040, 0.000002, 1.000000;;
                            }
                            Frame Armature_mixamorig_LeftHandIndex4_end {
                              FrameTransformMatrix {
                                 1.000000,-0.000000,-0.000000, 0.000000,
                                -0.000000, 1.000000,-0.000000, 0.000000,
                                -0.000000, 0.000000, 1.000000, 0.000000,
                                 0.000012, 2.712036,-0.000003, 1.000000;;
                              }
                            } // End of Armature_mixamorig_LeftHandIndex4_end
                          } // End of Armature_mixamorig_LeftHandIndex4
                        } // End of Armature_mixamorig_LeftHandIndex3
                      } // End of Armature_mixamorig_LeftHandIndex2
                    } // End of Armature_mixamorig_LeftHandIndex1
                    Frame Armature_mixamorig_LeftHandMiddle1 {
                      FrameTransformMatrix {
                         0.988514, 0.150721, 0.011130, 0.000000,
                        -0.123376, 0.762244, 0.635422, 0.000000,
                         0.087288,-0.629497, 0.772084, 0.000000,
                        -1.145582,10.269846, 0.098126, 1.000000;;
                      }
                      Frame Armature_mixamorig_LeftHandMiddle2 {
                        FrameTransformMatrix {
                           0.995925, 0.090128, 0.003097, 0.000000,
                          -0.059401, 0.629776, 0.774502, 0.000000,
                           0.067854,-0.771530, 0.632563, 0.000000,
                          -0.001405, 4.567479,-0.000009, 1.000000;;
                        }
                        Frame Armature_mixamorig_LeftHandMiddle3 {
                          FrameTransformMatrix {
                             0.999641,-0.025036,-0.009506, 0.000000,
                             0.026759, 0.947882, 0.317495, 0.000000,
                             0.001062,-0.317636, 0.948213, 0.000000,
                             0.000994, 4.214488, 0.000009, 1.000000;;
                          }
                          Frame Armature_mixamorig_LeftHandMiddle4 {
                            FrameTransformMatrix {
                               1.000000,-0.000000, 0.000000, 0.000000,
                               0.000000, 1.000000, 0.000001, 0.000000,
                              -0.000000,-0.000001, 1.000000, 0.000000,
                               0.000400, 3.872930,-0.000037, 1.000000;;
                            }
                            Frame Armature_mixamorig_LeftHandMiddle4_end {
                              FrameTransformMatrix {
                                 1.000000, 0.000000,-0.000000, 0.000000,
                                 0.000000, 1.000000, 0.000000, 0.000000,
                                -0.000000,-0.000000, 1.000000, 0.000000,
                                 0.000005, 3.872907,-0.000005, 1.000000;;
                              }
                            } // End of Armature_mixamorig_LeftHandMiddle4_end
                          } // End of Armature_mixamorig_LeftHandMiddle4
                        } // End of Armature_mixamorig_LeftHandMiddle3
                      } // End of Armature_mixamorig_LeftHandMiddle2
                    } // End of Armature_mixamorig_LeftHandMiddle1
                    Frame Armature_mixamorig_LeftHandPinky1 {
                      FrameTransformMatrix {
                         0.971128, 0.218889, 0.094863, 0.000000,
                        -0.206143, 0.569830, 0.795486, 0.000000,
                         0.120067,-0.792074, 0.598500, 0.000000,
                         3.634707,10.279562, 0.214912, 1.000000;;
                      }
                      Frame Armature_mixamorig_LeftHandPinky2 {
                        FrameTransformMatrix {
                           0.999647, 0.021372, 0.015763, 0.000000,
                          -0.021231, 0.286603, 0.957814, 0.000000,
                           0.015952,-0.957811, 0.286956, 0.000000,
                           0.001713, 3.272568,-0.000038, 1.000000;;
                        }
                        Frame Armature_mixamorig_LeftHandPinky3 {
                          FrameTransformMatrix {
                             0.999925, 0.011847, 0.002917, 0.000000,
                            -0.011750, 0.870698, 0.491677, 0.000000,
                             0.003285,-0.491675, 0.870772, 0.000000,
                            -0.001547, 2.574717,-0.000015, 1.000000;;
                          }
                          Frame Armature_mixamorig_LeftHandPinky4 {
                            FrameTransformMatrix {
                               1.000000,-0.000000, 0.000000, 0.000000,
                               0.000000, 1.000000,-0.000001, 0.000000,
                              -0.000000, 0.000001, 1.000000, 0.000000,
                              -0.000162, 2.249540, 0.000027, 1.000000;;
                            }
                            Frame Armature_mixamorig_LeftHandPinky4_end {
                              FrameTransformMatrix {
                                 1.000000, 0.000000,-0.000000, 0.000000,
                                -0.000000, 1.000000,-0.000000, 0.000000,
                                 0.000000, 0.000000, 1.000000, 0.000000,
                                 0.000002, 2.249508, 0.000000, 1.000000;;
                              }
                            } // End of Armature_mixamorig_LeftHandPinky4_end
                          } // End of Armature_mixamorig_LeftHandPinky4
                        } // End of Armature_mixamorig_LeftHandPinky3
                      } // End of Armature_mixamorig_LeftHandPinky2
                    } // End of Armature_mixamorig_LeftHandPinky1
                    Frame Armature_mixamorig_LeftHandRing1 {
                      FrameTransformMatrix {
                         0.993595, 0.112434, 0.011285, 0.000000,
                        -0.060776, 0.447541, 0.892195, 0.000000,
                         0.095262,-0.887167, 0.451508, 0.000000,
                         1.511706,10.276342, 0.094540, 1.000000;;
                      }
                      Frame Armature_mixamorig_LeftHandRing2 {
                        FrameTransformMatrix {
                           0.999627, 0.021517, 0.016822, 0.000000,
                          -0.027137, 0.712823, 0.700818, 0.000000,
                           0.003088,-0.701013, 0.713141, 0.000000,
                          -0.000597, 3.979047,-0.000046, 1.000000;;
                        }
                        Frame Armature_mixamorig_LeftHandRing3 {
                          FrameTransformMatrix {
                             0.999810,-0.019451, 0.001213, 0.000000,
                             0.018399, 0.962570, 0.270409, 0.000000,
                            -0.006427,-0.270335, 0.962745, 0.000000,
                             0.000093, 3.715590, 0.000052, 1.000000;;
                          }
                          Frame Armature_mixamorig_LeftHandRing4 {
                            FrameTransformMatrix {
                               1.000000, 0.000000, 0.000000, 0.000000,
                              -0.000000, 1.000000,-0.000001, 0.000000,
                              -0.000000, 0.000001, 1.000000, 0.000000,
                               0.000483, 3.315382, 0.000002, 1.000000;;
                            }
                            Frame Armature_mixamorig_LeftHandRing4_end {
                              FrameTransformMatrix {
                                 1.000000, 0.000000,-0.000000, 0.000000,
                                -0.000000, 1.000000, 0.000000, 0.000000,
                                 0.000000,-0.000000, 1.000000, 0.000000,
                                 0.000003, 3.315383, 0.000006, 1.000000;;
                              }
                            } // End of Armature_mixamorig_LeftHandRing4_end
                          } // End of Armature_mixamorig_LeftHandRing4
                        } // End of Armature_mixamorig_LeftHandRing3
                      } // End of Armature_mixamorig_LeftHandRing2
                    } // End of Armature_mixamorig_LeftHandRing1
                    Frame Armature_mixamorig_LeftHandThumb1 {
                      FrameTransformMatrix {
                         0.852996, 0.481807,-0.200646, 0.000000,
                        -0.436656, 0.869385, 0.231301, 0.000000,
                         0.285881,-0.109686, 0.951966, 0.000000,
                        -3.268712, 2.020260, 1.309106, 1.000000;;
                      }
                      Frame Armature_mixamorig_LeftHandThumb2 {
                        FrameTransformMatrix {
                           0.993645,-0.052072,-0.099787, 0.000000,
                           0.072933, 0.973121, 0.218442, 0.000000,
                           0.085730,-0.224331, 0.970735, 0.000000,
                          -0.446725, 3.216760,-0.000012, 1.000000;;
                        }
                        Frame Armature_mixamorig_LeftHandThumb3 {
                          FrameTransformMatrix {
                             0.640120, 0.121729,-0.758569, 0.000000,
                             0.141056, 0.951962, 0.271794, 0.000000,
                             0.755214,-0.280982, 0.592200, 0.000000,
                             0.289031, 4.061810,-0.000001, 1.000000;;
                          }
                          Frame Armature_mixamorig_LeftHandThumb4 {
                            FrameTransformMatrix {
                               1.000000, 0.000000,-0.000000, 0.000000,
                               0.000000, 1.000001,-0.000001, 0.000000,
                               0.000000, 0.000001, 1.000001, 0.000000,
                               0.157702, 3.553954,-0.000020, 1.000000;;
                            }
                            Frame Armature_mixamorig_LeftHandThumb4_end {
                              FrameTransformMatrix {
                                 1.000000,-0.000000, 0.000000, 0.000000,
                                 0.000000, 1.000000,-0.000000, 0.000000,
                                -0.000000, 0.000000, 1.000000, 0.000000,
                                 0.000002, 3.557460,-0.000001, 1.000000;;
                              }
                            } // End of Armature_mixamorig_LeftHandThumb4_end
                          } // End of Armature_mixamorig_LeftHandThumb4
                        } // End of Armature_mixamorig_LeftHandThumb3
                      } // End of Armature_mixamorig_LeftHandThumb2
                    } // End of Armature_mixamorig_LeftHandThumb1
                  } // End of Armature_mixamorig_LeftHand
                } // End of Armature_mixamorig_LeftForeArm
              } // End of Armature_mixamorig_LeftArm
            } // End of Armature_mixamorig_LeftShoulder
            Frame Armature_mixamorig_Neck {
              FrameTransformMatrix {
                 0.999573,-0.018540,-0.022547, 0.000000,
                 0.013516, 0.978571,-0.205465, 0.000000,
                 0.025873, 0.205072, 0.978404, 0.000000,
                 0.000001,13.759685, 0.000012, 1.000000;;
              }
              Frame Armature_mixamorig_Head {
                FrameTransformMatrix {
                   0.993772,-0.061389, 0.093002, 0.000000,
                   0.096052, 0.895015,-0.435572, 0.000000,
                  -0.056498, 0.441792, 0.895337, 0.000000,
                  -0.000001, 7.527333,-0.214810, 1.000000;;
                }
                Frame Armature_mixamorig_HeadTop_End {
                  FrameTransformMatrix {
                     1.000000,-0.000000, 0.000000, 0.000000,
                    -0.000000, 1.000000,-0.000000, 0.000000,
                     0.000000, 0.000000, 1.000000, 0.000000,
                    -0.000000,26.017389,-0.742494, 1.000000;;
                  }
                  Frame Armature_mixamorig_HeadTop_End_end {
                    FrameTransformMatrix {
                       1.000000,-0.000000,-0.000000, 0.000000,
                      -0.000000, 1.000000,-0.000000, 0.000000,
                       0.000000,-0.000000, 1.000000, 0.000000,
                      -0.000000,26.027990,-0.000007, 1.000000;;
                    }
                  } // End of Armature_mixamorig_HeadTop_End_end
                } // End of Armature_mixamorig_HeadTop_End
              } // End of Armature_mixamorig_Head
            } // End of Armature_mixamorig_Neck
            Frame Armature_mixamorig_RightShoulder {
              FrameTransformMatrix {
                 0.217676, 0.000918, 0.976021, 0.000000,
                -0.929996,-0.303265, 0.207697, 0.000000,
                 0.296184,-0.952906,-0.065159, 0.000000,
                -5.180532,11.651780, 0.039952, 1.000000;;
              }
              Frame Armature_mixamorig_RightArm {
                FrameTransformMatrix {
                   0.862010,-0.240847,-0.446017, 0.000000,
                   0.452224, 0.762894, 0.462047, 0.000000,
                   0.228981,-0.599989, 0.766539, 0.000000,
                  -0.000010,10.993592,-0.000006, 1.000000;;
                }
                Frame Armature_mixamorig_RightForeArm {
                  FrameTransformMatrix {
                     0.109541,-0.978408,-0.175273, 0.000000,
                     0.988678, 0.125443,-0.082348, 0.000000,
                     0.102556,-0.164268, 0.981069, 0.000000,
                     0.000000,21.306290, 0.000007, 1.000000;;
                  }
                  Frame Armature_mixamorig_RightHand {
                    FrameTransformMatrix {
                       0.989625,-0.143355,-0.009535, 0.000000,
                       0.142783, 0.973959, 0.176113, 0.000000,
                      -0.015960,-0.175648, 0.984324, 0.000000,
                       0.000000,24.291656,-0.000003, 1.000000;;
                    }
                    Frame Armature_mixamorig_RightHandIndex1 {
                      FrameTransformMatrix {
                         0.997239,-0.073718,-0.008907, 0.000000,
                         0.043270, 0.479439, 0.876508, 0.000000,
                        -0.060344,-0.874474, 0.481306, 0.000000,
                         3.876497,10.479914, 0.248472, 1.000000;;
                      }
                      Frame Armature_mixamorig_RightHandIndex2 {
                        FrameTransformMatrix {
                           0.996214,-0.086718,-0.006212, 0.000000,
                           0.040175, 0.395811, 0.917453, 0.000000,
                          -0.077101,-0.914229, 0.397796, 0.000000,
                           0.001574, 3.405114, 0.000020, 1.000000;;
                        }
                        Frame Armature_mixamorig_RightHandIndex3 {
                          FrameTransformMatrix {
                             0.999609,-0.001779, 0.027911, 0.000000,
                            -0.023135, 0.508172, 0.860945, 0.000000,
                            -0.015715,-0.861254, 0.507932, 0.000000,
                            -0.000145, 3.328505,-0.000010, 1.000000;;
                          }
                          Frame Armature_mixamorig_RightHandIndex4 {
                            FrameTransformMatrix {
                               1.000000,-0.000000, 0.000000, 0.000000,
                              -0.000000, 1.000000,-0.000000, 0.000000,
                              -0.000000, 0.000000, 1.000000, 0.000000,
                              -0.001411, 2.857764,-0.000019, 1.000000;;
                            }
                            Frame Armature_mixamorig_RightHandIndex4_end {
                              FrameTransformMatrix {
                                 1.000000, 0.000000,-0.000000, 0.000000,
                                -0.000000, 1.000000,-0.000000, 0.000000,
                                 0.000000, 0.000000, 1.000000, 0.000000,
                                 0.000001, 2.857756,-0.000001, 1.000000;;
                              }
                            } // End of Armature_mixamorig_RightHandIndex4_end
                          } // End of Armature_mixamorig_RightHandIndex4
                        } // End of Armature_mixamorig_RightHandIndex3
                      } // End of Armature_mixamorig_RightHandIndex2
                    } // End of Armature_mixamorig_RightHandIndex1
                    Frame Armature_mixamorig_RightHandMiddle1 {
                      FrameTransformMatrix {
                         0.991314,-0.128393,-0.028504, 0.000000,
                         0.074288, 0.367786, 0.926938, 0.000000,
                        -0.108529,-0.921004, 0.374129, 0.000000,
                         1.265793,10.730997,-0.044063, 1.000000;;
                      }
                      Frame Armature_mixamorig_RightHandMiddle2 {
                        FrameTransformMatrix {
                           0.994842,-0.100397,-0.014510, 0.000000,
                           0.024148, 0.095462, 0.995140, 0.000000,
                          -0.098524,-0.990357, 0.097394, 0.000000,
                           0.001820, 4.302097, 0.000003, 1.000000;;
                        }
                        Frame Armature_mixamorig_RightHandMiddle3 {
                          FrameTransformMatrix {
                             0.999805, 0.014802, 0.013100, 0.000000,
                            -0.019534, 0.841149, 0.540449, 0.000000,
                            -0.003020,-0.540600, 0.841274, 0.000000,
                             0.000390, 4.040844, 0.000009, 1.000000;;
                          }
                          Frame Armature_mixamorig_RightHandMiddle4 {
                            FrameTransformMatrix {
                               1.000000, 0.000000,-0.000000, 0.000000,
                              -0.000000, 1.000000, 0.000000, 0.000000,
                               0.000000,-0.000000, 1.000000, 0.000000,
                              -0.002185, 3.587913, 0.000009, 1.000000;;
                            }
                            Frame Armature_mixamorig_RightHandMiddle4_end {
                              FrameTransformMatrix {
                                 1.000000, 0.000000,-0.000000, 0.000000,
                                -0.000000, 1.000000, 0.000000, 0.000000,
                                -0.000000,-0.000000, 1.000000, 0.000000,
                                -0.000006, 3.587888, 0.000000, 1.000000;;
                              }
                            } // End of Armature_mixamorig_RightHandMiddle4_end
                          } // End of Armature_mixamorig_RightHandMiddle4
                        } // End of Armature_mixamorig_RightHandMiddle3
                      } // End of Armature_mixamorig_RightHandMiddle2
                    } // End of Armature_mixamorig_RightHandMiddle1
                    Frame Armature_mixamorig_RightHandPinky1 {
                      FrameTransformMatrix {
                         0.984668,-0.154751,-0.080500, 0.000000,
                         0.089232, 0.050319, 0.994739, 0.000000,
                        -0.149887,-0.986671, 0.063357, 0.000000,
                        -3.578569,10.364506, 0.239122, 1.000000;;
                      }
                      Frame Armature_mixamorig_RightHandPinky2 {
                        FrameTransformMatrix {
                           0.999470,-0.029095,-0.014677, 0.000000,
                           0.028875, 0.581951, 0.812712, 0.000000,
                          -0.015104,-0.812704, 0.582482, 0.000000,
                          -0.001968, 3.211729, 0.000008, 1.000000;;
                        }
                        Frame Armature_mixamorig_RightHandPinky3 {
                          FrameTransformMatrix {
                             0.999831,-0.017933,-0.003911, 0.000000,
                             0.017847, 0.900062, 0.435396, 0.000000,
                            -0.004287,-0.435393, 0.900230, 0.000000,
                             0.003090, 2.578152, 0.000022, 1.000000;;
                          }
                          Frame Armature_mixamorig_RightHandPinky4 {
                            FrameTransformMatrix {
                               1.000000, 0.000000,-0.000000, 0.000000,
                              -0.000000, 1.000000,-0.000001, 0.000000,
                               0.000000, 0.000001, 1.000000, 0.000000,
                              -0.001134, 2.342509,-0.000010, 1.000000;;
                            }
                            Frame Armature_mixamorig_RightHandPinky4_end {
                              FrameTransformMatrix {
                                 1.000000,-0.000000, 0.000000, 0.000000,
                                 0.000000, 1.000000, 0.000000, 0.000000,
                                -0.000000,-0.000000, 1.000000, 0.000000,
                                -0.000003, 2.342495, 0.000001, 1.000000;;
                              }
                            } // End of Armature_mixamorig_RightHandPinky4_end
                          } // End of Armature_mixamorig_RightHandPinky4
                        } // End of Armature_mixamorig_RightHandPinky3
                      } // End of Armature_mixamorig_RightHandPinky2
                    } // End of Armature_mixamorig_RightHandPinky1
                    Frame Armature_mixamorig_RightHandRing1 {
                      FrameTransformMatrix {
                         0.998312,-0.057762, 0.005966, 0.000000,
                         0.005221, 0.191611, 0.981456, 0.000000,
                        -0.057834,-0.979770, 0.191589, 0.000000,
                        -1.563632,10.580319, 0.239539, 1.000000;;
                      }
                      Frame Armature_mixamorig_RightHandRing2 {
                        FrameTransformMatrix {
                           0.998796,-0.040340,-0.027908, 0.000000,
                           0.038371, 0.288068, 0.956841, 0.000000,
                          -0.030559,-0.956760, 0.289269, 0.000000,
                          -0.000531, 3.718163, 0.000001, 1.000000;;
                        }
                        Frame Armature_mixamorig_RightHandRing3 {
                          FrameTransformMatrix {
                             0.999954, 0.007686,-0.005770, 0.000000,
                            -0.002316, 0.775385, 0.631485, 0.000000,
                             0.009327,-0.631442, 0.775366, 0.000000,
                            -0.000302, 3.643932, 0.000023, 1.000000;;
                          }
                          Frame Armature_mixamorig_RightHandRing4 {
                            FrameTransformMatrix {
                               1.000000,-0.000000,-0.000000, 0.000000,
                               0.000000, 1.000001, 0.000001, 0.000000,
                              -0.000000,-0.000001, 1.000000, 0.000000,
                               0.000871, 3.025709,-0.000004, 1.000000;;
                            }
                            Frame Armature_mixamorig_RightHandRing4_end {
                              FrameTransformMatrix {
                                 1.000000, 0.000000, 0.000000, 0.000000,
                                 0.000000, 1.000000,-0.000000, 0.000000,
                                -0.000000,-0.000000, 1.000000, 0.000000,
                                -0.000001, 3.025683, 0.000001, 1.000000;;
                              }
                            } // End of Armature_mixamorig_RightHandRing4_end
                          } // End of Armature_mixamorig_RightHandRing4
                        } // End of Armature_mixamorig_RightHandRing3
                      } // End of Armature_mixamorig_RightHandRing2
                    } // End of Armature_mixamorig_RightHandRing1
                    Frame Armature_mixamorig_RightHandThumb1 {
                      FrameTransformMatrix {
                         0.925314,-0.181989, 0.332675, 0.000000,
                        -0.155531, 0.617973, 0.770661, 0.000000,
                        -0.345836,-0.764846, 0.543515, 0.000000,
                         3.351190, 2.208743, 1.381203, 1.000000;;
                      }
                      Frame Armature_mixamorig_RightHandThumb2 {
                        FrameTransformMatrix {
                           0.941423,-0.125402, 0.313046, 0.000000,
                           0.191107, 0.963230,-0.188857, 0.000000,
                          -0.277852, 0.237620, 0.930772, 0.000000,
                           0.503287, 3.358197, 0.000005, 1.000000;;
                        }
                        Frame Armature_mixamorig_RightHandThumb3 {
                          FrameTransformMatrix {
                             0.953529, 0.107793,-0.281358, 0.000000,
                            -0.177128, 0.955953,-0.234050, 0.000000,
                             0.243736, 0.273009, 0.930622, 0.000000,
                            -0.013890, 3.929743,-0.000001, 1.000000;;
                          }
                          Frame Armature_mixamorig_RightHandThumb4 {
                            FrameTransformMatrix {
                               1.000000, 0.000000,-0.000000, 0.000000,
                              -0.000000, 1.000000,-0.000000, 0.000000,
                              -0.000000, 0.000000, 1.000000, 0.000000,
                              -0.489374, 3.302327, 0.000033, 1.000000;;
                            }
                            Frame Armature_mixamorig_RightHandThumb4_end {
                              FrameTransformMatrix {
                                 1.000000, 0.000001,-0.000001, 0.000000,
                                -0.000001, 1.000000,-0.000000, 0.000000,
                                 0.000001, 0.000000, 1.000000, 0.000000,
                                -0.000002, 3.338405, 0.000009, 1.000000;;
                              }
                            } // End of Armature_mixamorig_RightHandThumb4_end
                          } // End of Armature_mixamorig_RightHandThumb4
                        } // End of Armature_mixamorig_RightHandThumb3
                      } // End of Armature_mixamorig_RightHandThumb2
                    } // End of Armature_mixamorig_RightHandThumb1
                  } // End of Armature_mixamorig_RightHand
                } // End of Armature_mixamorig_RightForeArm
              } // End of Armature_mixamorig_RightArm
            } // End of Armature_mixamorig_RightShoulder
          } // End of Armature_mixamorig_Spine2
        } // End of Armature_mixamorig_Spine1
      } // End of Armature_mixamorig_Spine
    } // End of Armature_mixamorig_Hips
    Frame Adventurer_Body {
      FrameTransformMatrix {
        99.999977, 0.000000,-0.000000, 0.000000,
         0.000000,-0.000028,-99.999977, 0.000000,
         0.000000,99.999969,-0.000028, 0.000000,
         0.000007, 0.000007,-0.000004, 1.000000;;
      }
    } // End of Adventurer_Body
    Frame Adventurer_Feet {
      FrameTransformMatrix {
        99.999977, 0.000001, 0.000000, 0.000000,
        -0.000002,-0.000028,-99.999977, 0.000000,
         0.000002,99.999969,-0.000028, 0.000000,
         0.000007, 0.000007,-0.000002, 1.000000;;
      }
    } // End of Adventurer_Feet
    Frame Adventurer_Head {
      FrameTransformMatrix {
        99.999977, 0.000000,-0.000000, 0.000000,
        -0.000000,-0.000028,-99.999977, 0.000000,
         0.000000,99.999969,-0.000028, 0.000000,
         0.000009,-0.000006,-0.000004, 1.000000;;
      }
    } // End of Adventurer_Head
    Frame Adventurer_Legs {
      FrameTransformMatrix {
        99.999977, 0.000001, 0.000000, 0.000000,
        -0.000002,-0.000028,-99.999977, 0.000000,
         0.000002,99.999969,-0.000028, 0.000000,
         0.000007, 0.000007,-0.000002, 1.000000;;
      }
    } // End of Adventurer_Legs
    Frame Backpack {
      FrameTransformMatrix {
        -26.076880, 0.000000,-0.000010, 0.000000,
        -0.000010, 0.000008,26.076878, 0.000000,
         0.000000,26.076880,-0.000008, 0.000000,
         0.000007,137.266464,-11.664410, 1.000000;;
      }
    } // End of Backpack
  } // End of Armature
} // End of Root
AnimationSet Global {
  Animation {
    {Adventurer_Body}
    AnimationKey { // Rotation
      0;
      11;
      0;4;-0.707107,-0.707107,-0.000000, 0.000000;;,
      1;4;-0.707107,-0.707107,-0.000000, 0.000000;;,
      2;4;-0.707107,-0.707107,-0.000000, 0.000000;;,
      3;4;-0.707107,-0.707107,-0.000000, 0.000000;;,
      4;4;-0.707107,-0.707107,-0.000000, 0.000000;;,
      5;4;-0.707107,-0.707107,-0.000000, 0.000000;;,
      6;4;-0.707107,-0.707107,-0.000000, 0.000000;;,
      7;4;-0.707107,-0.707107,-0.000000, 0.000000;;,
      8;4;-0.707107,-0.707107,-0.000000, 0.000000;;,
      9;4;-0.707107,-0.707107,-0.000000, 0.000000;;,
      10;4;-0.707107,-0.707107,-0.000000, 0.000000;;;
    }
    AnimationKey { // Scale
      1;
      11;
      0;3;99.999977,99.999977,99.999969;;,
      1;3;99.999977,99.999977,99.999969;;,
      2;3;99.999977,99.999977,99.999969;;,
      3;3;99.999977,99.999977,99.999969;;,
      4;3;99.999977,99.999977,99.999969;;,
      5;3;99.999977,99.999977,99.999969;;,
      6;3;99.999977,99.999977,99.999969;;,
      7;3;99.999977,99.999977,99.999969;;,
      8;3;99.999977,99.999977,99.999969;;,
      9;3;99.999977,99.999977,99.999969;;,
      10;3;99.999977,99.999977,99.999969;;;
    }
    AnimationKey { // Position
      2;
      11;
      0;3; 0.000007, 0.000007,-0.000004;;,
      1;3; 0.000007, 0.000007,-0.000004;;,
      2;3; 0.000007, 0.000007,-0.000004;;,
      3;3; 0.000007, 0.000007,-0.000004;;,
      4;3; 0.000007, 0.000007,-0.000004;;,
      5;3; 0.000007, 0.000007,-0.000004;;,
      6;3; 0.000007, 0.000007,-0.000004;;,
      7;3; 0.000007, 0.000007,-0.000004;;,
      8;3; 0.000007, 0.000007,-0.000004;;,
      9;3; 0.000007, 0.000007,-0.000004;;,
      10;3; 0.000007, 0.000007,-0.000004;;;
    }
  }
  Animation {
    {Adventurer_Feet}
    AnimationKey { // Rotation
      0;
      11;
      0;4;-0.707107,-0.707107, 0.000000,-0.000000;;,
      1;4;-0.707107,-0.707107, 0.000000,-0.000000;;,
      2;4;-0.707107,-0.707107, 0.000000,-0.000000;;,
      3;4;-0.707107,-0.707107, 0.000000,-0.000000;;,
      4;4;-0.707107,-0.707107, 0.000000,-0.000000;;,
      5;4;-0.707107,-0.707107, 0.000000,-0.000000;;,
      6;4;-0.707107,-0.707107, 0.000000,-0.000000;;,
