xof 0303txt 0032

template XSkinMeshHeader {
  <3cf169ce-ff7c-44ab-93c0-f78f62d172e2>
  WORD nMaxSkinWeightsPerVertex;
  WORD nMaxSkinWeightsPerFace;
  WORD nBones;
}

template SkinWeights {
  <6f0d123b-bad2-4167-a0d0-80224f25fabb>
  STRING transformNodeName;
  DWORD nWeights;
  array DWORD vertexIndices[nWeights];
  array float weights[nWeights];
  Matrix4x4 matrixOffset;
}

Frame Root {
  FrameTransformMatrix {
     1.000000, 0.000000, 0.000000, 0.000000,
     0.000000,-0.000000,-1.000000, 0.000000,
     0.000000, 1.000000,-0.000000, 0.000000,
     0.000000, 0.000000, 0.000000, 1.000000;;
  }
  Frame Armature {
    FrameTransformMatrix {
       0.100000, 0.000000, 0.000000, 0.000000,
       0.000000,-0.000000, 0.100000, 0.000000,
       0.000000,-0.100000,-0.000000, 0.000000,
       0.000000, 0.000000, 0.000000, 1.000000;;
    }
    Frame Armature_mixamorig_Hips {
      FrameTransformMatrix {
         0.978109, 0.047466, 0.202608, 0.000000,
        -0.112615, 0.939481, 0.323563, 0.000000,
        -0.174988,-0.339296, 0.924260, 0.000000,
         0.279435,95.918724, 0.406725, 1.000000;;
      }
      Frame Armature_mixamorig_LeftUpLeg {
        FrameTransformMatrix {
          -0.977698, 0.033983, 0.207200, 0.000000,
           0.155278,-0.547238, 0.822447, 0.000000,
           0.141337, 0.836287, 0.529762, 0.000000,
           7.707784,-5.105732, 0.126752, 1.000000;;
        }
        Frame Armature_mixamorig_LeftLeg {
          FrameTransformMatrix {
             0.996433,-0.077688, 0.032967, 0.000000,
             0.003512,-0.352124,-0.935947, 0.000000,
             0.084320, 0.932724,-0.350595, 0.000000,
             0.000000,45.952507,-0.000006, 1.000000;;
          }
          Frame Armature_mixamorig_LeftFoot {
            FrameTransformMatrix {
               0.934819, 0.336410, 0.113757, 0.000000,
              -0.175896, 0.160350, 0.971261, 0.000000,
               0.308501,-0.927963, 0.209072, 0.000000,
               0.000000,44.565872,-0.000001, 1.000000;;
            }
            Frame Armature_mixamorig_LeftToeBase {
              FrameTransformMatrix {
                 0.912025, 0.016735, 0.409794, 0.000000,
                -0.239298, 0.833178, 0.498548, 0.000000,
                -0.333088,-0.552751, 0.763884, 0.000000,
                 0.000000,18.311047,-0.000001, 1.000000;;
              }
              Frame Armature_mixamorig_LeftToe_End {
                FrameTransformMatrix {
                   1.000000,-0.000000, 0.000000, 0.000000,
                   0.000000, 1.000000,-0.000000, 0.000000,
                  -0.000000, 0.000000, 1.000000, 0.000000,
                   0.000001, 6.608828,-0.000001, 1.000000;;
                }
                Frame Armature_mixamorig_LeftToe_End_end {
                  FrameTransformMatrix {
                     1.000000, 0.000000, 0.000000, 0.000000,
                    -0.000000, 1.000000,-0.000000, 0.000000,
                    -0.000000, 0.000000, 1.000000, 0.000000,
                    -0.000000, 6.608829, 0.000001, 1.000000;;
                  }
                } // End of Armature_mixamorig_LeftToe_End_end
              } // End of Armature_mixamorig_LeftToe_End
            } // End of Armature_mixamorig_LeftToeBase
          } // End of Armature_mixamorig_LeftFoot
        } // End of Armature_mixamorig_LeftLeg
      } // End of Armature_mixamorig_LeftUpLeg
      Frame Armature_mixamorig_RightUpLeg {
        FrameTransformMatrix {
          -0.988508, 0.149381,-0.023394, 0.000000,
          -0.148774,-0.933312, 0.326795, 0.000000,
           0.026984, 0.326518, 0.944806, 0.000000,
          -7.707785,-5.105738, 0.340397, 1.000000;;
        }
        Frame Armature_mixamorig_RightLeg {
          FrameTransformMatrix {
             0.987463, 0.075717, 0.138507, 0.000000,
             0.035726, 0.747481,-0.663321, 0.000000,
            -0.153756, 0.659954, 0.735405, 0.000000,
             0.000002,45.947208, 0.000000, 1.000000;;
          }
          Frame Armature_mixamorig_RightFoot {
            FrameTransformMatrix {
               0.997396, 0.035506,-0.062776, 0.000000,
               0.063434,-0.017734, 0.997828, 0.000000,
               0.034316,-0.999212,-0.019940, 0.000000,
               0.000001,44.572086, 0.000003, 1.000000;;
            }
            Frame Armature_mixamorig_RightToeBase {
              FrameTransformMatrix {
                 0.950691,-0.017372,-0.309653, 0.000000,
                 0.226975, 0.719369, 0.656498, 0.000000,
                 0.211350,-0.694411, 0.687840, 0.000000,
                 0.000001,18.116951, 0.000002, 1.000000;;
              }
              Frame Armature_mixamorig_RightToe_End {
                FrameTransformMatrix {
                   1.000000,-0.000000, 0.000003, 0.000000,
                   0.000000, 1.000000, 0.000000, 0.000000,
                  -0.000003,-0.000000, 1.000000, 0.000000,
                  -0.000003, 6.707252,-0.000000, 1.000000;;
                }
                Frame Armature_mixamorig_RightToe_End_end {
                  FrameTransformMatrix {
                     1.000000, 0.000000, 0.000000, 0.000000,
                    -0.000000, 1.000000,-0.000000, 0.000000,
                    -0.000000, 0.000000, 1.000000, 0.000000,
                    -0.000000, 6.707252,-0.000000, 1.000000;;
                  }
                } // End of Armature_mixamorig_RightToe_End_end
              } // End of Armature_mixamorig_RightToe_End
            } // End of Armature_mixamorig_RightToeBase
          } // End of Armature_mixamorig_RightFoot
        } // End of Armature_mixamorig_RightLeg
      } // End of Armature_mixamorig_RightUpLeg
      Frame Armature_mixamorig_Spine {
        FrameTransformMatrix {
           0.990737,-0.056513,-0.123474, 0.000000,
           0.109917, 0.867674, 0.484831, 0.000000,
           0.079736,-0.493912, 0.865848, 0.000000,
           0.000000, 9.170823, 0.205811, 1.000000;;
        }
        Frame Armature_mixamorig_Spine1 {
          FrameTransformMatrix {
             0.999427,-0.010931,-0.032026, 0.000000,
             0.012089, 0.999272, 0.036176, 0.000000,
             0.031608,-0.036542, 0.998832, 0.000000,
            -0.000000,10.702011, 0.000002, 1.000000;;
          }
          Frame Armature_mixamorig_Spine2 {
            FrameTransformMatrix {
               0.999388,-0.012518,-0.032671, 0.000000,
               0.013688, 0.999264, 0.035834, 0.000000,
               0.032198,-0.036259, 0.998824, 0.000000,
               0.000000,12.230835, 0.000006, 1.000000;;
            }
            Frame Armature_mixamorig_LeftShoulder {
              FrameTransformMatrix {
                -0.144339, 0.077606,-0.986480, 0.000000,
                 0.779984,-0.604551,-0.161685, 0.000000,
                -0.608925,-0.792777, 0.026729, 0.000000,
                 5.180531,11.652154, 0.054678, 1.000000;;
              }
              Frame Armature_mixamorig_LeftArm {
                FrameTransformMatrix {
                   0.953075, 0.302606, 0.008845, 0.000000,
                  -0.250018, 0.770298, 0.586628, 0.000000,
                   0.170704,-0.561312, 0.809808, 0.000000,
                  -0.000005,10.993586, 0.000016, 1.000000;;
                }
                Frame Armature_mixamorig_LeftForeArm {
                  FrameTransformMatrix {
                     0.554547, 0.807136, 0.202504, 0.000000,
                    -0.795812, 0.585516,-0.154445, 0.000000,
                    -0.243228,-0.075508, 0.967025, 0.000000,
                     0.000009,21.306501, 0.000004, 1.000000;;
                  }
                  Frame Armature_mixamorig_LeftHand {
                    FrameTransformMatrix {
                       0.939653, 0.341070, 0.026886, 0.000000,
                      -0.342082, 0.935323, 0.090288, 0.000000,
                       0.005647,-0.094037, 0.995553, 0.000000,
                      -0.000003,24.281296, 0.000002, 1.000000;;
                    }
                    Frame Armature_mixamorig_LeftHandIndex1 {
                      FrameTransformMatrix {
                         0.972656, 0.219271, 0.076556, 0.000000,
                        -0.217979, 0.748104, 0.626758, 0.000000,
                         0.080158,-0.626307, 0.775444, 0.000000,
                        -4.000845,10.644606, 0.188367, 1.000000;;
                      }
                      Frame Armature_mixamorig_LeftHandIndex2 {
                        FrameTransformMatrix {
                           0.996851, 0.079296, 0.000920, 0.000000,
                          -0.059412, 0.739095, 0.670977, 0.000000,
                           0.052525,-0.668919, 0.741478, 0.000000,
                          -0.000057, 3.442454, 0.000001, 1.000000;;
                        }
                        Frame Armature_mixamorig_LeftHandIndex3 {
                          FrameTransformMatrix {
                             0.999441,-0.033208,-0.003949, 0.000000,
                             0.033441, 0.993394, 0.109772, 0.000000,
                             0.000278,-0.109843, 0.993949, 0.000000,
                            -0.000157, 3.228665, 0.000013, 1.000000;;
                          }
                          Frame Armature_mixamorig_LeftHandIndex4 {
                            FrameTransformMatrix {
                               1.000000, 0.000000,-0.000000, 0.000000,
                              -0.000000, 1.000000, 0.000001, 0.000000,
                               0.000000,-0.000001, 1.000000, 0.000000,
                               0.000210, 2.712031,-0.000014, 1.000000;;
                            }
                            Frame Armature_mixamorig_LeftHandIndex4_end {
                              FrameTransformMatrix {
                                 1.000000,-0.000000, 0.000000, 0.000000,
                                 0.000000, 1.000000, 0.000000, 0.000000,
                                -0.000000,-0.000000, 1.000000, 0.000000,
                                -0.000003, 2.712036, 0.000006, 1.000000;;
                              }
                            } // End of Armature_mixamorig_LeftHandIndex4_end
                          } // End of Armature_mixamorig_LeftHandIndex4
                        } // End of Armature_mixamorig_LeftHandIndex3
                      } // End of Armature_mixamorig_LeftHandIndex2
                    } // End of Armature_mixamorig_LeftHandIndex1
                    Frame Armature_mixamorig_LeftHandMiddle1 {
                      FrameTransformMatrix {
                         0.988514, 0.150721, 0.011130, 0.000000,
                        -0.123376, 0.762244, 0.635423, 0.000000,
                         0.087288,-0.629498, 0.772084, 0.000000,
                        -1.145592,10.269855, 0.098139, 1.000000;;
                      }
                      Frame Armature_mixamorig_LeftHandMiddle2 {
                        FrameTransformMatrix {
                           0.995925, 0.090128, 0.003096, 0.000000,
                          -0.059401, 0.629776, 0.774502, 0.000000,
                           0.067854,-0.771530, 0.632564, 0.000000,
                          -0.001414, 4.567477,-0.000000, 1.000000;;
                        }
                        Frame Armature_mixamorig_LeftHandMiddle3 {
                          FrameTransformMatrix {
                             0.999641,-0.025036,-0.009506, 0.000000,
                             0.026759, 0.947882, 0.317495, 0.000000,
                             0.001062,-0.317636, 0.948213, 0.000000,
                             0.001015, 4.214492, 0.000001, 1.000000;;
                          }
                          Frame Armature_mixamorig_LeftHandMiddle4 {
                            FrameTransformMatrix {
                               1.000000,-0.000000, 0.000000, 0.000000,
                               0.000000, 1.000000, 0.000001, 0.000000,
                              -0.000000,-0.000001, 1.000000, 0.000000,
                               0.000408, 3.872905, 0.000006, 1.000000;;
                            }
                            Frame Armature_mixamorig_LeftHandMiddle4_end {
                              FrameTransformMatrix {
                                 1.000000, 0.000000, 0.000000, 0.000000,
                                 0.000000, 1.000000, 0.000000, 0.000000,
                                 0.000000,-0.000000, 1.000000, 0.000000,
                                 0.000005, 3.872911,-0.000006, 1.000000;;
                              }
                            } // End of Armature_mixamorig_LeftHandMiddle4_end
                          } // End of Armature_mixamorig_LeftHandMiddle4
                        } // End of Armature_mixamorig_LeftHandMiddle3
                      } // End of Armature_mixamorig_LeftHandMiddle2
                    } // End of Armature_mixamorig_LeftHandMiddle1
                    Frame Armature_mixamorig_LeftHandPinky1 {
                      FrameTransformMatrix {
                         0.971128, 0.218888, 0.094863, 0.000000,
                        -0.206143, 0.569829, 0.795487, 0.000000,
                         0.120067,-0.792075, 0.598499, 0.000000,
                         3.634707,10.279566, 0.214940, 1.000000;;
                      }
                      Frame Armature_mixamorig_LeftHandPinky2 {
                        FrameTransformMatrix {
                           0.999647, 0.021372, 0.015763, 0.000000,
                          -0.021231, 0.286603, 0.957814, 0.000000,
                           0.015952,-0.957811, 0.286955, 0.000000,
                           0.001707, 3.272562,-0.000003, 1.000000;;
                        }
                        Frame Armature_mixamorig_LeftHandPinky3 {
                          FrameTransformMatrix {
                             0.999925, 0.011847, 0.002917, 0.000000,
                            -0.011750, 0.870699, 0.491676, 0.000000,
                             0.003285,-0.491674, 0.870773, 0.000000,
                            -0.001561, 2.574722,-0.000011, 1.000000;;
                          }
                          Frame Armature_mixamorig_LeftHandPinky4 {
                            FrameTransformMatrix {
                               1.000000,-0.000000, 0.000000, 0.000000,
                               0.000000, 1.000000,-0.000000, 0.000000,
                              -0.000000, 0.000000, 1.000000, 0.000000,
                              -0.000155, 2.249530, 0.000002, 1.000000;;
                            }
                            Frame Armature_mixamorig_LeftHandPinky4_end {
                              FrameTransformMatrix {
                                 1.000000, 0.000000,-0.000000, 0.000000,
                                -0.000000, 1.000000, 0.000000, 0.000000,
                                 0.000000,-0.000000, 1.000000, 0.000000,
                                 0.000003, 2.249514, 0.000008, 1.000000;;
                              }
                            } // End of Armature_mixamorig_LeftHandPinky4_end
                          } // End of Armature_mixamorig_LeftHandPinky4
                        } // End of Armature_mixamorig_LeftHandPinky3
                      } // End of Armature_mixamorig_LeftHandPinky2
                    } // End of Armature_mixamorig_LeftHandPinky1
                    Frame Armature_mixamorig_LeftHandRing1 {
                      FrameTransformMatrix {
                         0.993595, 0.112434, 0.011285, 0.000000,
                        -0.060776, 0.447540, 0.892196, 0.000000,
                         0.095262,-0.887168, 0.451507, 0.000000,
                         1.511710,10.276354, 0.094544, 1.000000;;
                      }
                      Frame Armature_mixamorig_LeftHandRing2 {
                        FrameTransformMatrix {
                           0.999627, 0.021517, 0.016822, 0.000000,
                          -0.027137, 0.712823, 0.700818, 0.000000,
                           0.003088,-0.701013, 0.713141, 0.000000,
                          -0.000596, 3.979041, 0.000000, 1.000000;;
                        }
                        Frame Armature_mixamorig_LeftHandRing3 {
                          FrameTransformMatrix {
                             0.999810,-0.019451, 0.001212, 0.000000,
                             0.018399, 0.962570, 0.270408, 0.000000,
                            -0.006427,-0.270334, 0.962745, 0.000000,
                             0.000096, 3.715597,-0.000015, 1.000000;;
                          }
                          Frame Armature_mixamorig_LeftHandRing4 {
                            FrameTransformMatrix {
                               1.000000, 0.000000,-0.000000, 0.000000,
                              -0.000000, 1.000000,-0.000000, 0.000000,
                               0.000000, 0.000000, 1.000000, 0.000000,
                               0.000504, 3.315378, 0.000000, 1.000000;;
                            }
                            Frame Armature_mixamorig_LeftHandRing4_end {
                              FrameTransformMatrix {
                                 1.000000, 0.000000, 0.000000, 0.000000,
                                 0.000000, 1.000000, 0.000000, 0.000000,
                                 0.000000,-0.000000, 1.000000, 0.000000,
                                -0.000004, 3.315382, 0.000002, 1.000000;;
                              }
                            } // End of Armature_mixamorig_LeftHandRing4_end
                          } // End of Armature_mixamorig_LeftHandRing4
                        } // End of Armature_mixamorig_LeftHandRing3
                      } // End of Armature_mixamorig_LeftHandRing2
                    } // End of Armature_mixamorig_LeftHandRing1
                    Frame Armature_mixamorig_LeftHandThumb1 {
                      FrameTransformMatrix {
                         0.852997, 0.481807,-0.200645, 0.000000,
                        -0.436656, 0.869385, 0.231302, 0.000000,
                         0.285881,-0.109687, 0.951967, 0.000000,
                        -3.268713, 2.020268, 1.309108, 1.000000;;
                      }
                      Frame Armature_mixamorig_LeftHandThumb2 {
                        FrameTransformMatrix {
                           0.993645,-0.052072,-0.099787, 0.000000,
                           0.072933, 0.973121, 0.218443, 0.000000,
                           0.085730,-0.224332, 0.970734, 0.000000,
                          -0.446726, 3.216757, 0.000002, 1.000000;;
                        }
                        Frame Armature_mixamorig_LeftHandThumb3 {
                          FrameTransformMatrix {
                             0.640121, 0.121728,-0.758569, 0.000000,
                             0.141057, 0.951962, 0.271792, 0.000000,
                             0.755214,-0.280981, 0.592200, 0.000000,
                             0.289024, 4.061795,-0.000010, 1.000000;;
                          }
                          Frame Armature_mixamorig_LeftHandThumb4 {
                            FrameTransformMatrix {
                               1.000000, 0.000000,-0.000000, 0.000000,
                              -0.000000, 1.000000,-0.000000, 0.000000,
                               0.000000, 0.000000, 1.000000, 0.000000,
                               0.157708, 3.553977,-0.000003, 1.000000;;
                            }
                            Frame Armature_mixamorig_LeftHandThumb4_end {
                              FrameTransformMatrix {
                                 1.000000, 0.000000, 0.000000, 0.000000,
                                -0.000000, 1.000000, 0.000000, 0.000000,
                                 0.000000,-0.000000, 1.000000, 0.000000,
                                 0.000003, 3.557468,-0.000002, 1.000000;;
                              }
                            } // End of Armature_mixamorig_LeftHandThumb4_end
                          } // End of Armature_mixamorig_LeftHandThumb4
                        } // End of Armature_mixamorig_LeftHandThumb3
                      } // End of Armature_mixamorig_LeftHandThumb2
                    } // End of Armature_mixamorig_LeftHandThumb1
                  } // End of Armature_mixamorig_LeftHand
                } // End of Armature_mixamorig_LeftForeArm
              } // End of Armature_mixamorig_LeftArm
            } // End of Armature_mixamorig_LeftShoulder
            Frame Armature_mixamorig_Neck {
              FrameTransformMatrix {
                 0.999574,-0.018540,-0.022547, 0.000000,
                 0.013516, 0.978571,-0.205465, 0.000000,
                 0.025873, 0.205072, 0.978405, 0.000000,
                -0.000001,13.759723, 0.000012, 1.000000;;
              }
              Frame Armature_mixamorig_Head {
                FrameTransformMatrix {
                   0.993772,-0.061389, 0.093002, 0.000000,
                   0.096051, 0.895015,-0.435572, 0.000000,
                  -0.056498, 0.441792, 0.895337, 0.000000,
                  -0.000000, 7.527306,-0.214806, 1.000000;;
                }
                Frame Armature_mixamorig_HeadTop_End {
                  FrameTransformMatrix {
                     1.000000, 0.000000, 0.000000, 0.000000,
                    -0.000000, 1.000000,-0.000000, 0.000000,
                     0.000000, 0.000000, 1.000000, 0.000000,
                    -0.000001,26.017408,-0.742503, 1.000000;;
                  }
                  Frame Armature_mixamorig_HeadTop_End_end {
                    FrameTransformMatrix {
                       1.000000,-0.000000, 0.000000, 0.000000,
                      -0.000000, 1.000000,-0.000000, 0.000000,
                      -0.000000,-0.000000, 1.000000, 0.000000,
                       0.000000,26.028015,-0.000008, 1.000000;;
                    }
                  } // End of Armature_mixamorig_HeadTop_End_end
                } // End of Armature_mixamorig_HeadTop_End
              } // End of Armature_mixamorig_Head
            } // End of Armature_mixamorig_Neck
            Frame Armature_mixamorig_RightShoulder {
              FrameTransformMatrix {
                 0.217676, 0.000918, 0.976021, 0.000000,
                -0.929996,-0.303265, 0.207697, 0.000000,
                 0.296184,-0.952906,-0.065159, 0.000000,
                -5.180534,11.651820, 0.039954, 1.000000;;
              }
              Frame Armature_mixamorig_RightArm {
                FrameTransformMatrix {
                   0.862010,-0.240847,-0.446017, 0.000000,
                   0.452224, 0.762894, 0.462046, 0.000000,
                   0.228981,-0.599988, 0.766539, 0.000000,
                   0.000014,10.993592,-0.000009, 1.000000;;
                }
                Frame Armature_mixamorig_RightForeArm {
                  FrameTransformMatrix {
                     0.109541,-0.978407,-0.175274, 0.000000,
                     0.988678, 0.125443,-0.082348, 0.000000,
                     0.102557,-0.164269, 0.981070, 0.000000,
                    -0.000003,21.306301, 0.000000, 1.000000;;
                  }
                  Frame Armature_mixamorig_RightHand {
                    FrameTransformMatrix {
                       0.989625,-0.143355,-0.009534, 0.000000,
                       0.142783, 0.973959, 0.176112, 0.000000,
                      -0.015961,-0.175646, 0.984324, 0.000000,
                      -0.000001,24.291641, 0.000000, 1.000000;;
                    }
                    Frame Armature_mixamorig_RightHandIndex1 {
                      FrameTransformMatrix {
                         0.997239,-0.073718,-0.008908, 0.000000,
                         0.043270, 0.479438, 0.876508, 0.000000,
                        -0.060344,-0.874474, 0.481305, 0.000000,
                         3.876463,10.479921, 0.248489, 1.000000;;
                      }
                      Frame Armature_mixamorig_RightHandIndex2 {
                        FrameTransformMatrix {
                           0.996214,-0.086718,-0.006212, 0.000000,
                           0.040175, 0.395811, 0.917453, 0.000000,
                          -0.077101,-0.914228, 0.397796, 0.000000,
                           0.001584, 3.405105,-0.000003, 1.000000;;
                        }
                        Frame Armature_mixamorig_RightHandIndex3 {
                          FrameTransformMatrix {
                             0.999609,-0.001779, 0.027911, 0.000000,
                            -0.023135, 0.508173, 0.860945, 0.000000,
                            -0.015715,-0.861254, 0.507933, 0.000000,
                            -0.000149, 3.328533,-0.000005, 1.000000;;
                          }
                          Frame Armature_mixamorig_RightHandIndex4 {
                            FrameTransformMatrix {
                               1.000000,-0.000000, 0.000000, 0.000000,
                               0.000000, 1.000000, 0.000000, 0.000000,
                              -0.000000,-0.000000, 1.000000, 0.000000,
                              -0.001426, 2.857754, 0.000006, 1.000000;;
                            }
                            Frame Armature_mixamorig_RightHandIndex4_end {
                              FrameTransformMatrix {
                                 1.000000, 0.000000, 0.000000, 0.000000,
                                -0.000000, 1.000000,-0.000000, 0.000000,
                                -0.000000, 0.000000, 1.000000, 0.000000,
                                -0.000006, 2.857758, 0.000003, 1.000000;;
                              }
                            } // End of Armature_mixamorig_RightHandIndex4_end
                          } // End of Armature_mixamorig_RightHandIndex4
                        } // End of Armature_mixamorig_RightHandIndex3
                      } // End of Armature_mixamorig_RightHandIndex2
                    } // End of Armature_mixamorig_RightHandIndex1
                    Frame Armature_mixamorig_RightHandMiddle1 {
                      FrameTransformMatrix {
                         0.991314,-0.128393,-0.028504, 0.000000,
                         0.074288, 0.367785, 0.926938, 0.000000,
                        -0.108529,-0.921004, 0.374128, 0.000000,
                         1.265765,10.730997,-0.044051, 1.000000;;
                      }
                      Frame Armature_mixamorig_RightHandMiddle2 {
                        FrameTransformMatrix {
                           0.994842,-0.100397,-0.014510, 0.000000,
                           0.024148, 0.095462, 0.995140, 0.000000,
                          -0.098524,-0.990357, 0.097394, 0.000000,
                           0.001820, 4.302092,-0.000009, 1.000000;;
                        }
                        Frame Armature_mixamorig_RightHandMiddle3 {
                          FrameTransformMatrix {
                             0.999805, 0.014802, 0.013100, 0.000000,
                            -0.019534, 0.841150, 0.540449, 0.000000,
                            -0.003020,-0.540600, 0.841274, 0.000000,
                             0.000410, 4.040871, 0.000000, 1.000000;;
                          }
                          Frame Armature_mixamorig_RightHandMiddle4 {
                            FrameTransformMatrix {
                               1.000000, 0.000000,-0.000000, 0.000000,
                               0.000000, 1.000000, 0.000000, 0.000000,
                               0.000000,-0.000000, 1.000000, 0.000000,
                              -0.002193, 3.587893, 0.000001, 1.000000;;
                            }
                            Frame Armature_mixamorig_RightHandMiddle4_end {
                              FrameTransformMatrix {
                                 1.000000,-0.000000,-0.000000, 0.000000,
                                 0.000000, 1.000000,-0.000000, 0.000000,
                                -0.000000, 0.000000, 1.000000, 0.000000,
                                 0.000002, 3.587897,-0.000002, 1.000000;;
                              }
                            } // End of Armature_mixamorig_RightHandMiddle4_end
                          } // End of Armature_mixamorig_RightHandMiddle4
                        } // End of Armature_mixamorig_RightHandMiddle3
                      } // End of Armature_mixamorig_RightHandMiddle2
                    } // End of Armature_mixamorig_RightHandMiddle1
                    Frame Armature_mixamorig_RightHandPinky1 {
                      FrameTransformMatrix {
                         0.984668,-0.154751,-0.080500, 0.000000,
                         0.089232, 0.050319, 0.994739, 0.000000,
                        -0.149887,-0.986671, 0.063357, 0.000000,
                        -3.578586,10.364516, 0.239134, 1.000000;;
                      }
                      Frame Armature_mixamorig_RightHandPinky2 {
                        FrameTransformMatrix {
                           0.999469,-0.029095,-0.014677, 0.000000,
                           0.028875, 0.581950, 0.812712, 0.000000,
                          -0.015105,-0.812705, 0.582481, 0.000000,
                          -0.001990, 3.211716, 0.000011, 1.000000;;
                        }
                        Frame Armature_mixamorig_RightHandPinky3 {
                          FrameTransformMatrix {
                             0.999831,-0.017933,-0.003911, 0.000000,
                             0.017847, 0.900062, 0.435396, 0.000000,
                            -0.004288,-0.435393, 0.900230, 0.000000,
                             0.003112, 2.578175, 0.000021, 1.000000;;
                          }
                          Frame Armature_mixamorig_RightHandPinky4 {
                            FrameTransformMatrix {
                               1.000000, 0.000000,-0.000000, 0.000000,
                              -0.000000, 1.000000,-0.000001, 0.000000,
                               0.000000, 0.000001, 1.000000, 0.000000,
                              -0.001132, 2.342520,-0.000006, 1.000000;;
                            }
                            Frame Armature_mixamorig_RightHandPinky4_end {
                              FrameTransformMatrix {
                                 1.000000,-0.000000, 0.000000, 0.000000,
                                 0.000000, 1.000000,-0.000000, 0.000000,
                                -0.000000, 0.000000, 1.000000, 0.000000,
                                -0.000012, 2.342495, 0.000002, 1.000000;;
                              }
                            } // End of Armature_mixamorig_RightHandPinky4_end
                          } // End of Armature_mixamorig_RightHandPinky4
                        } // End of Armature_mixamorig_RightHandPinky3
                      } // End of Armature_mixamorig_RightHandPinky2
                    } // End of Armature_mixamorig_RightHandPinky1
                    Frame Armature_mixamorig_RightHandRing1 {
                      FrameTransformMatrix {
                         0.998312,-0.057762, 0.005966, 0.000000,
                         0.005221, 0.191610, 0.981457, 0.000000,
                        -0.057834,-0.979770, 0.191589, 0.000000,
                        -1.563651,10.580322, 0.239551, 1.000000;;
                      }
                      Frame Armature_mixamorig_RightHandRing2 {
                        FrameTransformMatrix {
                           0.998796,-0.040340,-0.027908, 0.000000,
                           0.038371, 0.288067, 0.956841, 0.000000,
                          -0.030559,-0.956761, 0.289268, 0.000000,
                          -0.000548, 3.718173,-0.000003, 1.000000;;
                        }
                        Frame Armature_mixamorig_RightHandRing3 {
                          FrameTransformMatrix {
                             0.999954, 0.007685,-0.005770, 0.000000,
                            -0.002316, 0.775385, 0.631485, 0.000000,
                             0.009327,-0.631442, 0.775367, 0.000000,
                            -0.000319, 3.643939, 0.000001, 1.000000;;
                          }
                          Frame Armature_mixamorig_RightHandRing4 {
                            FrameTransformMatrix {
                               1.000000, 0.000000,-0.000000, 0.000000,
                              -0.000000, 1.000000, 0.000000, 0.000000,
                               0.000000,-0.000000, 1.000000, 0.000000,
                               0.000875, 3.025698,-0.000010, 1.000000;;
                            }
                            Frame Armature_mixamorig_RightHandRing4_end {
                              FrameTransformMatrix {
                                 1.000000,-0.000000,-0.000000, 0.000000,
                                -0.000000, 1.000000, 0.000000, 0.000000,
                                -0.000000,-0.000000, 1.000000, 0.000000,
                                -0.000001, 3.025674,-0.000005, 1.000000;;
                              }
                            } // End of Armature_mixamorig_RightHandRing4_end
                          } // End of Armature_mixamorig_RightHandRing4
                        } // End of Armature_mixamorig_RightHandRing3
                      } // End of Armature_mixamorig_RightHandRing2
                    } // End of Armature_mixamorig_RightHandRing1
                    Frame Armature_mixamorig_RightHandThumb1 {
                      FrameTransformMatrix {
                         0.925314,-0.181991, 0.332676, 0.000000,
                        -0.155531, 0.617973, 0.770661, 0.000000,
                        -0.345839,-0.764845, 0.543514, 0.000000,
                         3.351171, 2.208733, 1.381210, 1.000000;;
                      }
                      Frame Armature_mixamorig_RightHandThumb2 {
                        FrameTransformMatrix {
                           0.941424,-0.125399, 0.313043, 0.000000,
                           0.191104, 0.963230,-0.188859, 0.000000,
                          -0.277850, 0.237620, 0.930772, 0.000000,
                           0.503302, 3.358174,-0.000000, 1.000000;;
                        }
                        Frame Armature_mixamorig_RightHandThumb3 {
                          FrameTransformMatrix {
                             0.953530, 0.107792,-0.281357, 0.000000,
                            -0.177127, 0.955954,-0.234049, 0.000000,
                             0.243736, 0.273008, 0.930623, 0.000000,
                            -0.013902, 3.929754, 0.000005, 1.000000;;
                          }
                          Frame Armature_mixamorig_RightHandThumb4 {
                            FrameTransformMatrix {
                               1.000000, 0.000000,-0.000000, 0.000000,
                               0.000000, 1.000000,-0.000000, 0.000000,
                              -0.000000, 0.000000, 1.000000, 0.000000,
                              -0.489397, 3.302337, 0.000000, 1.000000;;
                            }
                            Frame Armature_mixamorig_RightHandThumb4_end {
                              FrameTransformMatrix {
                                 1.000000, 0.000000,-0.000001, 0.000000,
                                -0.000000, 1.000000, 0.000000, 0.000000,
                                 0.000001,-0.000000, 1.000000, 0.000000,
                                 0.000005, 3.338408,-0.000003, 1.000000;;
                              }
                            } // End of Armature_mixamorig_RightHandThumb4_end
                          } // End of Armature_mixamorig_RightHandThumb4
                        } // End of Armature_mixamorig_RightHandThumb3
                      } // End of Armature_mixamorig_RightHandThumb2
                    } // End of Armature_mixamorig_RightHandThumb1
                  } // End of Armature_mixamorig_RightHand
                } // End of Armature_mixamorig_RightForeArm
              } // End of Armature_mixamorig_RightArm
            } // End of Armature_mixamorig_RightShoulder
          } // End of Armature_mixamorig_Spine2
        } // End of Armature_mixamorig_Spine1
      } // End of Armature_mixamorig_Spine
    } // End of Armature_mixamorig_Hips
    Frame Adventurer_Body {
      FrameTransformMatrix {
        100.000000, 0.000000, 0.000001, 0.000000,
         0.000001,-0.000028,-100.000023, 0.000000,
         0.000001,100.000000,-0.000028, 0.000000,
        -0.000000,-0.000006,-0.000004, 1.000000;;
      }
    } // End of Adventurer_Body
    Frame Adventurer_Feet {
      FrameTransformMatrix {
        100.000000, 0.000002, 0.000002, 0.000000,
        -0.000001,-0.000028,-100.000023, 0.000000,
         0.000003,100.000000,-0.000028, 0.000000,
        -0.000002,-0.000003,-0.000001, 1.000000;;
      }
    } // End of Adventurer_Feet
    Frame Adventurer_Head {
      FrameTransformMatrix {
        99.999969, 0.000000, 0.000001, 0.000000,
         0.000001,-0.000028,-100.000023, 0.000000,
         0.000001,100.000000,-0.000028, 0.000000,
        -0.000001,-0.000018,-0.000004, 1.000000;;
      }
    } // End of Adventurer_Head
    Frame Adventurer_Legs {
      FrameTransformMatrix {
        100.000000, 0.000002, 0.000002, 0.000000,
        -0.000001,-0.000028,-100.000023, 0.000000,
         0.000003,100.000000,-0.000028, 0.000000,
        -0.000002,-0.000003,-0.000001, 1.000000;;
      }
    } // End of Adventurer_Legs
    Frame Backpack {
      FrameTransformMatrix {
        -26.076885,-0.000000,-0.000011, 0.000000,
        -0.000010, 0.000008,26.076881, 0.000000,
        -0.000000,26.076885,-0.000008, 0.000000,
        -0.000000,137.266464,-11.664410, 1.000000;;
      }
    } // End of Backpack
  } // End of Armature
} // End of Root
AnimationSet Global {
  Animation {
    {Adventurer_Body}
    AnimationKey { // Rotation
      0;
      51;
      0;4;-0.707107,-0.707107,-0.000000, 0.000000;;,
      1;4;-0.707107,-0.707107,-0.000000, 0.000000;;,
      2;4;-0.707107,-0.707107,-0.000000, 0.000000;;,
      3;4;-0.707107,-0.707107,-0.000000, 0.000000;;,
      4;4;-0.707107,-0.707107,-0.000000, 0.000000;;,
      5;4;-0.707107,-0.707107,-0.000000, 0.000000;;,
      6;4;-0.707107,-0.707107,-0.000000, 0.000000;;,
      7;4;-0.707107,-0.707107,-0.000000, 0.000000;;,
      8;4;-0.707107,-0.707107,-0.000000, 0.000000;;,
      9;4;-0.707107,-0.707107,-0.000000, 0.000000;;,
      10;4;-0.707107,-0.707107,-0.000000, 0.000000;;,
      11;4;-0.707107,-0.707107,-0.000000, 0.000000;;,
      12;4;-0.707107,-0.707107,-0.000000, 0.000000;;,
      13;4;-0.707107,-0.707107,-0.000000, 0.000000;;,
      14;4;-0.707107,-0.707107,-0.000000, 0.000000;;,
      15;4;-0.707107,-0.707107,-0.000000, 0.000000;;,
      16;4;-0.707107,-0.707107,-0.000000, 0.000000;;,
      17;4;-0.707107,-0.707107,-0.000000, 0.000000;;,
      18;4;-0.707107,-0.707107,-0.000000, 0.000000;;,
      19;4;-0.707107,-0.707107,-0.000000, 0.000000;;,
      20;4;-0.707107,-0.707107,-0.000000, 0.000000;;,
      21;4;-0.707107,-0.707107,-0.000000, 0.000000;;,
      22;4;-0.707107,-0.707107,-0.000000, 0.000000;;,
      23;4;-0.707107,-0.707107,-0.000000, 0.000000;;,
      24;4;-0.707107,-0.707107,-0.000000, 0.000000;;,
      25;4;-0.707107,-0.707107,-0.000000, 0.000000;;,
      26;4;-0.707107,-0.707107,-0.000000, 0.000000;;,
      27;4;-0.707107,-0.707107,-0.000000, 0.000000;;,
      28;4;-0.707107,-0.707107,-0.000000, 0.000000;;,
      29;4;-0.707107,-0.707107,-0.000000, 0.000000;;,
      30;4;-0.707107,-0.707107,-0.000000, 0.000000;;,
      31;4;-0.707107,-0.707107,-0.000000, 0.000000;;,
      32;4;-0.707107,-0.707107,-0.000000, 0.000000;;,
      33;4;-0.707107,-0.707107,-0.000000, 0.000000;;,
      34;4;-0.707107,-0.707107,-0.000000, 0.000000;;,
      35;4;-0.707107,-0.707107,-0.000000, 0.000000;;,
      36;4;-0.707107,-0.707107,-0.000000, 0.000000;;,
      37;4;-0.707107,-0.707107,-0.000000, 0.000000;;,
      38;4;-0.707107,-0.707107,-0.000000, 0.000000;;,
