xof 0303txt 0032

template XSkinMeshHeader {
  <3cf169ce-ff7c-44ab-93c0-f78f62d172e2>
  WORD nMaxSkinWeightsPerVertex;
  WORD nMaxSkinWeightsPerFace;
  WORD nBones;
}

template SkinWeights {
  <6f0d123b-bad2-4167-a0d0-80224f25fabb>
  STRING transformNodeName;
  DWORD nWeights;
  array DWORD vertexIndices[nWeights];
  array float weights[nWeights];
  Matrix4x4 matrixOffset;
}

Frame Root {
  FrameTransformMatrix {
     1.000000, 0.000000, 0.000000, 0.000000,
     0.000000,-0.000000,-1.000000, 0.000000,
     0.000000, 1.000000,-0.000000, 0.000000,
     0.000000, 0.000000, 0.000000, 1.000000;;
  }
  Frame Armature {
    FrameTransformMatrix {
       0.100000, 0.000000, 0.000000, 0.000000,
       0.000000,-0.000000, 0.100000, 0.000000,
       0.000000,-0.100000,-0.000000, 0.000000,
       0.000000, 0.000000, 0.000000, 1.000000;;
    }
    Frame Armature_mixamorig_Hips {
      FrameTransformMatrix {
         0.999744, 0.010102, 0.020263, 0.000000,
        -0.015353, 0.960239, 0.278758, 0.000000,
        -0.016642,-0.278998, 0.960147, 0.000000,
         1.978638,97.224182, 3.221160, 1.000000;;
      }
      Frame Armature_mixamorig_LeftUpLeg {
        FrameTransformMatrix {
          -0.988235,-0.131098, 0.078651, 0.000000,
           0.140756,-0.981016, 0.133401, 0.000000,
           0.059672, 0.142904, 0.987936, 0.000000,
           7.707783,-5.105733, 0.126764, 1.000000;;
        }
        Frame Armature_mixamorig_LeftLeg {
          FrameTransformMatrix {
             0.990338,-0.131027, 0.045415, 0.000000,
            -0.006957,-0.374023,-0.927393, 0.000000,
             0.138500, 0.918117,-0.371321, 0.000000,
            -0.000001,45.952499, 0.000000, 1.000000;;
          }
          Frame Armature_mixamorig_LeftFoot {
            FrameTransformMatrix {
               0.999295, 0.003875, 0.037347, 0.000000,
              -0.020030, 0.896314, 0.442967, 0.000000,
              -0.031758,-0.443402, 0.895759, 0.000000,
               0.000000,44.565872,-0.000005, 1.000000;;
            }
            Frame Armature_mixamorig_LeftToeBase {
              FrameTransformMatrix {
                 0.906292,-0.085900, 0.413830, 0.000000,
                -0.169839, 0.822580, 0.542695, 0.000000,
                -0.387026,-0.562124, 0.730908, 0.000000,
                -0.000001,18.311050,-0.000006, 1.000000;;
              }
              Frame Armature_mixamorig_LeftToe_End {
                FrameTransformMatrix {
                   1.000000,-0.000000, 0.000000, 0.000000,
                   0.000000, 1.000000,-0.000000, 0.000000,
                  -0.000000, 0.000000, 1.000000, 0.000000,
                   0.000002, 6.608820, 0.000000, 1.000000;;
                }
                Frame Armature_mixamorig_LeftToe_End_end {
                  FrameTransformMatrix {
                     1.000000, 0.000000, 0.000000, 0.000000,
                    -0.000000, 1.000000, 0.000000, 0.000000,
                    -0.000000,-0.000000, 1.000000, 0.000000,
                    -0.000004, 6.608823, 0.000008, 1.000000;;
                  }
                } // End of Armature_mixamorig_LeftToe_End_end
              } // End of Armature_mixamorig_LeftToe_End
            } // End of Armature_mixamorig_LeftToeBase
          } // End of Armature_mixamorig_LeftFoot
        } // End of Armature_mixamorig_LeftLeg
      } // End of Armature_mixamorig_LeftUpLeg
      Frame Armature_mixamorig_RightUpLeg {
        FrameTransformMatrix {
          -0.986508, 0.161600,-0.026361, 0.000000,
          -0.124438,-0.635316, 0.762161, 0.000000,
           0.106419, 0.755155, 0.646851, 0.000000,
          -7.707784,-5.105743, 0.340408, 1.000000;;
        }
        Frame Armature_mixamorig_RightLeg {
          FrameTransformMatrix {
             0.995218, 0.025016,-0.094422, 0.000000,
            -0.085145, 0.695911,-0.713063, 0.000000,
             0.047871, 0.717693, 0.694713, 0.000000,
             0.000001,45.947212,-0.000005, 1.000000;;
          }
          Frame Armature_mixamorig_RightFoot {
            FrameTransformMatrix {
               0.995669, 0.064223,-0.067225, 0.000000,
               0.038032, 0.378445, 0.924842, 0.000000,
               0.084837,-0.923393, 0.374364, 0.000000,
              -0.000001,44.572086, 0.000000, 1.000000;;
            }
            Frame Armature_mixamorig_RightToeBase {
              FrameTransformMatrix {
                 0.958492,-0.062539,-0.278177, 0.000000,
                 0.203404, 0.833679, 0.513426, 0.000000,
                 0.199801,-0.548697, 0.811795, 0.000000,
                 0.000002,18.116947, 0.000003, 1.000000;;
              }
              Frame Armature_mixamorig_RightToe_End {
                FrameTransformMatrix {
                   1.000000,-0.000000, 0.000003, 0.000000,
                   0.000000, 1.000000, 0.000000, 0.000000,
                  -0.000003,-0.000000, 1.000000, 0.000000,
                   0.000000, 6.707251, 0.000000, 1.000000;;
                }
                Frame Armature_mixamorig_RightToe_End_end {
                  FrameTransformMatrix {
                     1.000000, 0.000000, 0.000000, 0.000000,
                    -0.000000, 1.000000,-0.000000, 0.000000,
                    -0.000000, 0.000000, 1.000000, 0.000000,
                     0.000001, 6.707250,-0.000000, 1.000000;;
                  }
                } // End of Armature_mixamorig_RightToe_End_end
              } // End of Armature_mixamorig_RightToe_End
            } // End of Armature_mixamorig_RightToeBase
          } // End of Armature_mixamorig_RightFoot
        } // End of Armature_mixamorig_RightLeg
      } // End of Armature_mixamorig_RightUpLeg
      Frame Armature_mixamorig_Spine {
        FrameTransformMatrix {
           0.976169,-0.005640, 0.216937, 0.000000,
          -0.084074, 0.911763, 0.402021, 0.000000,
          -0.200063,-0.410679, 0.889560, 0.000000,
          -0.000000, 9.170824, 0.205821, 1.000000;;
        }
        Frame Armature_mixamorig_Spine1 {
          FrameTransformMatrix {
             0.997919,-0.012828, 0.063189, 0.000000,
             0.010065, 0.998987, 0.043858, 0.000000,
            -0.063687,-0.043131, 0.997037, 0.000000,
            -0.000001,10.702007,-0.000001, 1.000000;;
          }
          Frame Armature_mixamorig_Spine2 {
            FrameTransformMatrix {
               0.997999,-0.010315, 0.062380, 0.000000,
               0.008005, 0.999277, 0.037163, 0.000000,
              -0.062718,-0.036589, 0.997360, 0.000000,
               0.000000,12.230844,-0.000008, 1.000000;;
            }
            Frame Armature_mixamorig_LeftShoulder {
              FrameTransformMatrix {
                 0.174063, 0.025099,-0.984415, 0.000000,
                 0.859090,-0.492490, 0.139347, 0.000000,
                -0.481317,-0.869956,-0.107287, 0.000000,
                 5.180532,11.652155, 0.054659, 1.000000;;
              }
              Frame Armature_mixamorig_LeftArm {
                FrameTransformMatrix {
                   0.884120, 0.360917, 0.296766, 0.000000,
                  -0.441199, 0.853960, 0.275856, 0.000000,
                  -0.153866,-0.374823, 0.914239, 0.000000,
                  -0.000010,10.993577, 0.000002, 1.000000;;
                }
                Frame Armature_mixamorig_LeftForeArm {
                  FrameTransformMatrix {
                     0.289109, 0.940798, 0.176961, 0.000000,
                    -0.941427, 0.312935,-0.125644, 0.000000,
                    -0.173583,-0.130271, 0.976165, 0.000000,
                    -0.000001,21.306501,-0.000008, 1.000000;;
                  }
                  Frame Armature_mixamorig_LeftHand {
                    FrameTransformMatrix {
                       0.933146, 0.358879,-0.021068, 0.000000,
                      -0.358189, 0.923157,-0.139577, 0.000000,
                      -0.030642, 0.137792, 0.989987, 0.000000,
                      -0.000005,24.281303,-0.000006, 1.000000;;
                    }
                    Frame Armature_mixamorig_LeftHandIndex1 {
                      FrameTransformMatrix {
                         0.969433, 0.235710, 0.068129, 0.000000,
                        -0.231733, 0.788347, 0.569920, 0.000000,
                         0.080627,-0.568286, 0.818871, 0.000000,
                        -4.000841,10.644600, 0.188383, 1.000000;;
                      }
                      Frame Armature_mixamorig_LeftHandIndex2 {
                        FrameTransformMatrix {
                           0.996850, 0.079301, 0.000523, 0.000000,
                          -0.059413, 0.742448, 0.667264, 0.000000,
                           0.052527,-0.665193, 0.744821, 0.000000,
                          -0.000052, 3.442461,-0.000036, 1.000000;;
                        }
                        Frame Armature_mixamorig_LeftHandIndex3 {
                          FrameTransformMatrix {
                             0.999437,-0.033268,-0.004314, 0.000000,
                             0.033545, 0.992127, 0.120657, 0.000000,
                             0.000266,-0.120734, 0.992684, 0.000000,
                            -0.000141, 3.228652, 0.000013, 1.000000;;
                          }
                          Frame Armature_mixamorig_LeftHandIndex4 {
                            FrameTransformMatrix {
                               1.000000, 0.000000,-0.000000, 0.000000,
                              -0.000000, 1.000000, 0.000001, 0.000000,
                               0.000000,-0.000001, 1.000000, 0.000000,
                               0.000217, 2.712031, 0.000001, 1.000000;;
                            }
                            Frame Armature_mixamorig_LeftHandIndex4_end {
                              FrameTransformMatrix {
                                 1.000000,-0.000000, 0.000000, 0.000000,
                                 0.000000, 1.000000, 0.000000, 0.000000,
                                -0.000000, 0.000000, 1.000000, 0.000000,
                                -0.000007, 2.712034, 0.000002, 1.000000;;
                              }
                            } // End of Armature_mixamorig_LeftHandIndex4_end
                          } // End of Armature_mixamorig_LeftHandIndex4
                        } // End of Armature_mixamorig_LeftHandIndex3
                      } // End of Armature_mixamorig_LeftHandIndex2
                    } // End of Armature_mixamorig_LeftHandIndex1
                    Frame Armature_mixamorig_LeftHandMiddle1 {
                      FrameTransformMatrix {
                         0.991698, 0.128433, 0.006320, 0.000000,
                        -0.113941, 0.854888, 0.506147, 0.000000,
                         0.059603,-0.502665, 0.862425, 0.000000,
                        -1.145575,10.269853, 0.098155, 1.000000;;
                      }
                      Frame Armature_mixamorig_LeftHandMiddle2 {
                        FrameTransformMatrix {
                           0.995974, 0.088917, 0.011361, 0.000000,
                          -0.059056, 0.555519, 0.829404, 0.000000,
                           0.067437,-0.826736, 0.558533, 0.000000,
                          -0.001410, 4.567469,-0.000017, 1.000000;;
                        }
                        Frame Armature_mixamorig_LeftHandMiddle3 {
                          FrameTransformMatrix {
                             0.999645,-0.025114,-0.008937, 0.000000,
                             0.026634, 0.954920, 0.295666, 0.000000,
                             0.001108,-0.295799, 0.955249, 0.000000,
                             0.001014, 4.214497,-0.000011, 1.000000;;
                          }
                          Frame Armature_mixamorig_LeftHandMiddle4 {
                            FrameTransformMatrix {
                               1.000000,-0.000000, 0.000000, 0.000000,
                               0.000000, 1.000000, 0.000001, 0.000000,
                              -0.000000,-0.000001, 1.000000, 0.000000,
                               0.000414, 3.872902,-0.000004, 1.000000;;
                            }
                            Frame Armature_mixamorig_LeftHandMiddle4_end {
                              FrameTransformMatrix {
                                 1.000000,-0.000000, 0.000000, 0.000000,
                                 0.000000, 1.000000, 0.000000, 0.000000,
                                 0.000000,-0.000000, 1.000000, 0.000000,
                                 0.000005, 3.872912, 0.000003, 1.000000;;
                              }
                            } // End of Armature_mixamorig_LeftHandMiddle4_end
                          } // End of Armature_mixamorig_LeftHandMiddle4
                        } // End of Armature_mixamorig_LeftHandMiddle3
                      } // End of Armature_mixamorig_LeftHandMiddle2
                    } // End of Armature_mixamorig_LeftHandMiddle1
                    Frame Armature_mixamorig_LeftHandPinky1 {
                      FrameTransformMatrix {
                         0.990208,-0.099437, 0.097984, 0.000000,
                        -0.000363, 0.700048, 0.714096, 0.000000,
                        -0.139602,-0.707139, 0.693157, 0.000000,
                         3.634717,10.279554, 0.214942, 1.000000;;
                      }
                      Frame Armature_mixamorig_LeftHandPinky2 {
                        FrameTransformMatrix {
                           0.999622, 0.021535, 0.017072, 0.000000,
                          -0.021555, 0.229081, 0.973169, 0.000000,
                           0.017046,-0.973170, 0.229458, 0.000000,
                           0.001708, 3.272561,-0.000001, 1.000000;;
                        }
                        Frame Armature_mixamorig_LeftHandPinky3 {
                          FrameTransformMatrix {
                             0.999932, 0.011393, 0.002606, 0.000000,
                            -0.011291, 0.884217, 0.466940, 0.000000,
                             0.003015,-0.466938, 0.884285, 0.000000,
                            -0.001566, 2.574735,-0.000043, 1.000000;;
                          }
                          Frame Armature_mixamorig_LeftHandPinky4 {
                            FrameTransformMatrix {
                               1.000000,-0.000000, 0.000000, 0.000000,
                               0.000000, 1.000000, 0.000000, 0.000000,
                              -0.000000, 0.000000, 1.000000, 0.000000,
                              -0.000157, 2.249517, 0.000007, 1.000000;;
                            }
                            Frame Armature_mixamorig_LeftHandPinky4_end {
                              FrameTransformMatrix {
                                 1.000000, 0.000000,-0.000000, 0.000000,
                                -0.000000, 1.000000, 0.000000, 0.000000,
                                 0.000000,-0.000000, 1.000000, 0.000000,
                                 0.000006, 2.249514, 0.000002, 1.000000;;
                              }
                            } // End of Armature_mixamorig_LeftHandPinky4_end
                          } // End of Armature_mixamorig_LeftHandPinky4
                        } // End of Armature_mixamorig_LeftHandPinky3
                      } // End of Armature_mixamorig_LeftHandPinky2
                    } // End of Armature_mixamorig_LeftHandPinky1
                    Frame Armature_mixamorig_LeftHandRing1 {
                      FrameTransformMatrix {
                         0.998297,-0.056737, 0.013554, 0.000000,
                         0.016178, 0.492521, 0.870150, 0.000000,
                        -0.056046,-0.868449, 0.492601, 0.000000,
                         1.511715,10.276345, 0.094562, 1.000000;;
                      }
                      Frame Armature_mixamorig_LeftHandRing2 {
                        FrameTransformMatrix {
                           0.999631, 0.021803, 0.016219, 0.000000,
                          -0.027012, 0.732212, 0.680541, 0.000000,
                           0.002962,-0.680728, 0.732531, 0.000000,
                          -0.000581, 3.979032,-0.000036, 1.000000;;
                        }
                        Frame Armature_mixamorig_LeftHandRing3 {
                          FrameTransformMatrix {
                             0.999808,-0.019542, 0.001662, 0.000000,
                             0.018519, 0.968552, 0.248120, 0.000000,
                            -0.006459,-0.248041, 0.968728, 0.000000,
                             0.000085, 3.715602, 0.000033, 1.000000;;
                          }
                          Frame Armature_mixamorig_LeftHandRing4 {
                            FrameTransformMatrix {
                               1.000000, 0.000000, 0.000000, 0.000000,
                              -0.000000, 1.000000,-0.000000, 0.000000,
                              -0.000000, 0.000000, 1.000000, 0.000000,
                               0.000495, 3.315379, 0.000004, 1.000000;;
                            }
                            Frame Armature_mixamorig_LeftHandRing4_end {
                              FrameTransformMatrix {
                                 1.000000, 0.000000, 0.000000, 0.000000,
                                 0.000000, 1.000000, 0.000000, 0.000000,
                                 0.000000,-0.000000, 1.000000, 0.000000,
                                 0.000008, 3.315385,-0.000003, 1.000000;;
                              }
                            } // End of Armature_mixamorig_LeftHandRing4_end
                          } // End of Armature_mixamorig_LeftHandRing4
                        } // End of Armature_mixamorig_LeftHandRing3
                      } // End of Armature_mixamorig_LeftHandRing2
                    } // End of Armature_mixamorig_LeftHandRing1
                    Frame Armature_mixamorig_LeftHandThumb1 {
                      FrameTransformMatrix {
                         0.681671, 0.730352,-0.043702, 0.000000,
                        -0.722190, 0.681226, 0.119887, 0.000000,
                         0.117331,-0.050163, 0.991825, 0.000000,
                        -3.268701, 2.020252, 1.309111, 1.000000;;
                      }
                      Frame Armature_mixamorig_LeftHandThumb2 {
                        FrameTransformMatrix {
                           0.961406,-0.262322,-0.082984, 0.000000,
                           0.272842, 0.947851, 0.164728, 0.000000,
                           0.035445,-0.181012, 0.982842, 0.000000,
                          -0.446727, 3.216752, 0.000004, 1.000000;;
                        }
                        Frame Armature_mixamorig_LeftHandThumb3 {
                          FrameTransformMatrix {
                             0.628885, 0.002730,-0.777493, 0.000000,
                             0.118368, 0.988001, 0.099212, 0.000000,
                             0.768435,-0.154424, 0.621016, 0.000000,
                             0.289040, 4.061804,-0.000022, 1.000000;;
                          }
                          Frame Armature_mixamorig_LeftHandThumb4 {
                            FrameTransformMatrix {
                               1.000000, 0.000000,-0.000000, 0.000000,
                              -0.000000, 1.000000,-0.000000, 0.000000,
                               0.000000, 0.000000, 1.000000, 0.000000,
                               0.157693, 3.553974,-0.000020, 1.000000;;
                            }
                            Frame Armature_mixamorig_LeftHandThumb4_end {
                              FrameTransformMatrix {
                                 1.000000, 0.000000, 0.000000, 0.000000,
                                -0.000000, 1.000000, 0.000000, 0.000000,
                                -0.000000,-0.000000, 1.000000, 0.000000,
                                -0.000001, 3.557469,-0.000001, 1.000000;;
                              }
                            } // End of Armature_mixamorig_LeftHandThumb4_end
                          } // End of Armature_mixamorig_LeftHandThumb4
                        } // End of Armature_mixamorig_LeftHandThumb3
                      } // End of Armature_mixamorig_LeftHandThumb2
                    } // End of Armature_mixamorig_LeftHandThumb1
                  } // End of Armature_mixamorig_LeftHand
                } // End of Armature_mixamorig_LeftForeArm
              } // End of Armature_mixamorig_LeftArm
            } // End of Armature_mixamorig_LeftShoulder
            Frame Armature_mixamorig_Neck {
              FrameTransformMatrix {
                 0.988581,-0.073367,-0.131622, 0.000000,
                 0.048167, 0.981497,-0.185318, 0.000000,
                 0.142783, 0.176862, 0.973824, 0.000000,
                 0.000002,13.759705, 0.000012, 1.000000;;
              }
              Frame Armature_mixamorig_Head {
                FrameTransformMatrix {
                   0.991464,-0.038640,-0.124527, 0.000000,
                  -0.012717, 0.921867,-0.387298, 0.000000,
                   0.129763, 0.385575, 0.913507, 0.000000,
                  -0.000003, 7.527291,-0.214818, 1.000000;;
                }
                Frame Armature_mixamorig_HeadTop_End {
                  FrameTransformMatrix {
                     1.000000, 0.000000,-0.000000, 0.000000,
                    -0.000000, 1.000000, 0.000000, 0.000000,
                     0.000000, 0.000000, 1.000000, 0.000000,
                     0.000000,26.017391,-0.742492, 1.000000;;
                  }
                  Frame Armature_mixamorig_HeadTop_End_end {
                    FrameTransformMatrix {
                       1.000000,-0.000000, 0.000000, 0.000000,
                       0.000000, 1.000000, 0.000000, 0.000000,
                       0.000000,-0.000000, 1.000000, 0.000000,
                       0.000001,26.028008, 0.000003, 1.000000;;
                    }
                  } // End of Armature_mixamorig_HeadTop_End_end
                } // End of Armature_mixamorig_HeadTop_End
              } // End of Armature_mixamorig_Head
            } // End of Armature_mixamorig_Neck
            Frame Armature_mixamorig_RightShoulder {
              FrameTransformMatrix {
                 0.160460, 0.003132, 0.987037, 0.000000,
                -0.868854,-0.474041, 0.142752, 0.000000,
                 0.468343,-0.880497,-0.073343, 0.000000,
                -5.180530,11.651822, 0.039945, 1.000000;;
              }
              Frame Armature_mixamorig_RightArm {
                FrameTransformMatrix {
                   0.843723,-0.497231,-0.202218, 0.000000,
                   0.527944, 0.700635, 0.479984, 0.000000,
                  -0.096982,-0.511734, 0.853653, 0.000000,
                  -0.000004,10.993591,-0.000003, 1.000000;;
                }
                Frame Armature_mixamorig_RightForeArm {
                  FrameTransformMatrix {
                     0.185588,-0.972887,-0.138018, 0.000000,
                     0.972280, 0.202144,-0.117518, 0.000000,
                     0.142232,-0.112382, 0.983433, 0.000000,
                     0.000000,21.306314,-0.000003, 1.000000;;
                  }
                  Frame Armature_mixamorig_RightHand {
                    FrameTransformMatrix {
                       0.993177,-0.115631,-0.015123, 0.000000,
                       0.116251, 0.971460, 0.206761, 0.000000,
                      -0.009217,-0.207108, 0.978275, 0.000000,
                      -0.000008,24.291641,-0.000002, 1.000000;;
                    }
                    Frame Armature_mixamorig_RightHandIndex1 {
                      FrameTransformMatrix {
                         0.990297,-0.138644,-0.009437, 0.000000,
                         0.083181, 0.536995, 0.839474, 0.000000,
                        -0.111321,-0.832114, 0.543318, 0.000000,
                         3.876461,10.479937, 0.248502, 1.000000;;
                      }
                      Frame Armature_mixamorig_RightHandIndex2 {
                        FrameTransformMatrix {
                           0.996257,-0.086058,-0.008145, 0.000000,
                           0.039973, 0.375087, 0.926127, 0.000000,
                          -0.076646,-0.922986, 0.377123, 0.000000,
                           0.001581, 3.405107,-0.000002, 1.000000;;
                        }
                        Frame Armature_mixamorig_RightHandIndex3 {
                          FrameTransformMatrix {
                             0.999610,-0.002214, 0.027846, 0.000000,
                            -0.023361, 0.480281, 0.876803, 0.000000,
                            -0.015315,-0.877112, 0.480042, 0.000000,
                            -0.000146, 3.328532,-0.000015, 1.000000;;
                          }
                          Frame Armature_mixamorig_RightHandIndex4 {
                            FrameTransformMatrix {
                               1.000000,-0.000000, 0.000000, 0.000000,
                               0.000000, 1.000000, 0.000000, 0.000000,
                              -0.000000,-0.000000, 1.000000, 0.000000,
                              -0.001419, 2.857764, 0.000004, 1.000000;;
                            }
                            Frame Armature_mixamorig_RightHandIndex4_end {
                              FrameTransformMatrix {
                                 1.000000, 0.000000,-0.000000, 0.000000,
                                -0.000000, 1.000000, 0.000000, 0.000000,
                                 0.000000,-0.000000, 1.000000, 0.000000,
                                 0.000001, 2.857758,-0.000001, 1.000000;;
                              }
                            } // End of Armature_mixamorig_RightHandIndex4_end
                          } // End of Armature_mixamorig_RightHandIndex4
                        } // End of Armature_mixamorig_RightHandIndex3
                      } // End of Armature_mixamorig_RightHandIndex2
                    } // End of Armature_mixamorig_RightHandIndex1
                    Frame Armature_mixamorig_RightHandMiddle1 {
                      FrameTransformMatrix {
                         0.994429,-0.101381,-0.028845, 0.000000,
                         0.072473, 0.458930, 0.885512, 0.000000,
                        -0.076537,-0.882670, 0.463721, 0.000000,
                         1.265771,10.731014,-0.044022, 1.000000;;
                      }
                      Frame Armature_mixamorig_RightHandMiddle2 {
                        FrameTransformMatrix {
                           0.994874,-0.099612,-0.017429, 0.000000,
                           0.024110, 0.066265, 0.997511, 0.000000,
                          -0.098209,-0.992817, 0.068326, 0.000000,
                           0.001791, 4.302091,-0.000017, 1.000000;;
                        }
                        Frame Armature_mixamorig_RightHandMiddle3 {
                          FrameTransformMatrix {
                             0.999794, 0.014444, 0.014246, 0.000000,
                            -0.020123, 0.795346, 0.605821, 0.000000,
                            -0.002579,-0.605984, 0.795473, 0.000000,
                             0.000398, 4.040878,-0.000007, 1.000000;;
                          }
                          Frame Armature_mixamorig_RightHandMiddle4 {
                            FrameTransformMatrix {
                               1.000000,-0.000000,-0.000000, 0.000000,
                              -0.000000, 1.000000, 0.000000, 0.000000,
                               0.000000,-0.000000, 1.000000, 0.000000,
                              -0.002223, 3.587885, 0.000005, 1.000000;;
                            }
                            Frame Armature_mixamorig_RightHandMiddle4_end {
                              FrameTransformMatrix {
                                 1.000000, 0.000000, 0.000000, 0.000000,
                                 0.000000, 1.000000,-0.000000, 0.000000,
                                -0.000000, 0.000000, 1.000000, 0.000000,
                                 0.000008, 3.587892, 0.000004, 1.000000;;
                              }
                            } // End of Armature_mixamorig_RightHandMiddle4_end
                          } // End of Armature_mixamorig_RightHandMiddle4
                        } // End of Armature_mixamorig_RightHandMiddle3
                      } // End of Armature_mixamorig_RightHandMiddle2
                    } // End of Armature_mixamorig_RightHandMiddle1
                    Frame Armature_mixamorig_RightHandPinky1 {
                      FrameTransformMatrix {
                         0.979006, 0.178645,-0.098148, 0.000000,
                         0.061130, 0.202026, 0.977470, 0.000000,
                         0.194448,-0.962950, 0.186864, 0.000000,
                        -3.578587,10.364527, 0.239163, 1.000000;;
                      }
                      Frame Armature_mixamorig_RightHandPinky2 {
                        FrameTransformMatrix {
                           0.999415,-0.029452,-0.017412, 0.000000,
                           0.029916, 0.505274, 0.862441, 0.000000,
                          -0.016603,-0.862457, 0.505859, 0.000000,
                          -0.001964, 3.211705, 0.000016, 1.000000;;
                        }
                        Frame Armature_mixamorig_RightHandPinky3 {
                          FrameTransformMatrix {
                             0.999860,-0.016539,-0.002541, 0.000000,
                             0.016356, 0.933967, 0.356985, 0.000000,
                            -0.003531,-0.356977, 0.934107, 0.000000,
                             0.003114, 2.578182, 0.000013, 1.000000;;
                          }
                          Frame Armature_mixamorig_RightHandPinky4 {
                            FrameTransformMatrix {
                               1.000000, 0.000000,-0.000000, 0.000000,
                              -0.000000, 1.000000,-0.000001, 0.000000,
                               0.000000, 0.000001, 1.000000, 0.000000,
                              -0.001139, 2.342509,-0.000006, 1.000000;;
                            }
                            Frame Armature_mixamorig_RightHandPinky4_end {
                              FrameTransformMatrix {
                                 1.000000,-0.000000, 0.000000, 0.000000,
                                 0.000000, 1.000000,-0.000000, 0.000000,
                                -0.000000, 0.000000, 1.000000, 0.000000,
                                 0.000001, 2.342494, 0.000001, 1.000000;;
                              }
                            } // End of Armature_mixamorig_RightHandPinky4_end
                          } // End of Armature_mixamorig_RightHandPinky4
                        } // End of Armature_mixamorig_RightHandPinky3
                      } // End of Armature_mixamorig_RightHandPinky2
                    } // End of Armature_mixamorig_RightHandPinky1
                    Frame Armature_mixamorig_RightHandRing1 {
                      FrameTransformMatrix {
                         0.996031, 0.088581,-0.008676, 0.000000,
                        -0.017725, 0.292939, 0.955967, 0.000000,
                         0.087222,-0.952019, 0.293347, 0.000000,
                        -1.563656,10.580339, 0.239569, 1.000000;;
                      }
                      Frame Armature_mixamorig_RightHandRing2 {
                        FrameTransformMatrix {
                           0.998794,-0.038092,-0.030981, 0.000000,
                           0.038394, 0.212583, 0.976389, 0.000000,
                          -0.030607,-0.976400, 0.213789, 0.000000,
                          -0.000548, 3.718179,-0.000018, 1.000000;;
                        }
                        Frame Armature_mixamorig_RightHandRing3 {
                          FrameTransformMatrix {
                             0.999957, 0.007380,-0.005673, 0.000000,
                            -0.002022, 0.767124, 0.641495, 0.000000,
                             0.009086,-0.641456, 0.767106, 0.000000,
                            -0.000324, 3.643949,-0.000020, 1.000000;;
                          }
                          Frame Armature_mixamorig_RightHandRing4 {
                            FrameTransformMatrix {
                               1.000000, 0.000000,-0.000000, 0.000000,
                               0.000000, 1.000000, 0.000000, 0.000000,
                               0.000000,-0.000000, 1.000000, 0.000000,
                               0.000866, 3.025693,-0.000004, 1.000000;;
                            }
                            Frame Armature_mixamorig_RightHandRing4_end {
                              FrameTransformMatrix {
                                 1.000000, 0.000000,-0.000000, 0.000000,
                                 0.000000, 1.000000, 0.000000, 0.000000,
                                 0.000000,-0.000000, 1.000000, 0.000000,
                                -0.000000, 3.025683, 0.000000, 1.000000;;
                              }
                            } // End of Armature_mixamorig_RightHandRing4_end
                          } // End of Armature_mixamorig_RightHandRing4
                        } // End of Armature_mixamorig_RightHandRing3
                      } // End of Armature_mixamorig_RightHandRing2
                    } // End of Armature_mixamorig_RightHandRing1
                    Frame Armature_mixamorig_RightHandThumb1 {
                      FrameTransformMatrix {
                         0.877004,-0.448170, 0.173228, 0.000000,
                         0.160312, 0.612801, 0.773806, 0.000000,
                        -0.452950,-0.650860, 0.609276, 0.000000,
                         3.351170, 2.208758, 1.381233, 1.000000;;
                      }
                      Frame Armature_mixamorig_RightHandThumb2 {
                        FrameTransformMatrix {
                           0.951217, 0.041502, 0.305719, 0.000000,
                           0.041743, 0.964487,-0.260810, 0.000000,
                          -0.305686, 0.260848, 0.915704, 0.000000,
                           0.503304, 3.358171,-0.000030, 1.000000;;
                        }
                        Frame Armature_mixamorig_RightHandThumb3 {
                          FrameTransformMatrix {
                             0.932575, 0.183268,-0.310992, 0.000000,
                            -0.308416, 0.852202,-0.422648, 0.000000,
                             0.187570, 0.490066, 0.851266, 0.000000,
                            -0.013929, 3.929757, 0.000002, 1.000000;;
                          }
                          Frame Armature_mixamorig_RightHandThumb4 {
                            FrameTransformMatrix {
                               1.000000,-0.000000,-0.000000, 0.000000,
                               0.000000, 1.000000,-0.000000, 0.000000,
                               0.000000, 0.000000, 1.000000, 0.000000,
                              -0.489399, 3.302337,-0.000030, 1.000000;;
                            }
                            Frame Armature_mixamorig_RightHandThumb4_end {
                              FrameTransformMatrix {
                                 1.000000, 0.000000,-0.000001, 0.000000,
                                -0.000000, 1.000000, 0.000000, 0.000000,
                                 0.000001,-0.000000, 1.000000, 0.000000,
                                -0.000008, 3.338405,-0.000005, 1.000000;;
                              }
                            } // End of Armature_mixamorig_RightHandThumb4_end
                          } // End of Armature_mixamorig_RightHandThumb4
                        } // End of Armature_mixamorig_RightHandThumb3
                      } // End of Armature_mixamorig_RightHandThumb2
                    } // End of Armature_mixamorig_RightHandThumb1
                  } // End of Armature_mixamorig_RightHand
                } // End of Armature_mixamorig_RightForeArm
              } // End of Armature_mixamorig_RightArm
            } // End of Armature_mixamorig_RightShoulder
          } // End of Armature_mixamorig_Spine2
        } // End of Armature_mixamorig_Spine1
      } // End of Armature_mixamorig_Spine
    } // End of Armature_mixamorig_Hips
    Frame Adventurer_Body {
      FrameTransformMatrix {
        100.000023,-0.000001, 0.000000, 0.000000,
         0.000000,-0.000028,-100.000031, 0.000000,
        -0.000001,100.000000,-0.000028, 0.000000,
         0.000008, 0.000013,-0.000004, 1.000000;;
      }
    } // End of Adventurer_Body
    Frame Adventurer_Feet {
      FrameTransformMatrix {
        100.000023,-0.000000, 0.000001, 0.000000,
        -0.000002,-0.000028,-100.000031, 0.000000,
         0.000001,100.000000,-0.000028, 0.000000,
         0.000008, 0.000013,-0.000004, 1.000000;;
      }
    } // End of Adventurer_Feet
    Frame Adventurer_Head {
      FrameTransformMatrix {
        99.999977,-0.000001, 0.000000, 0.000000,
        -0.000000,-0.000028,-100.000031, 0.000000,
        -0.000000,100.000000,-0.000028, 0.000000,
         0.000010, 0.000001,-0.000005, 1.000000;;
      }
    } // End of Adventurer_Head
    Frame Adventurer_Legs {
      FrameTransformMatrix {
        100.000023,-0.000000, 0.000001, 0.000000,
        -0.000002,-0.000028,-100.000031, 0.000000,
         0.000001,100.000000,-0.000028, 0.000000,
         0.000008, 0.000013,-0.000004, 1.000000;;
      }
    } // End of Adventurer_Legs
    Frame Backpack {
      FrameTransformMatrix {
        -26.076885, 0.000000,-0.000010, 0.000000,
        -0.000010, 0.000008,26.076889, 0.000000,
        -0.000000,26.076889,-0.000008, 0.000000,
         0.000003,137.266479,-11.664414, 1.000000;;
      }
    } // End of Backpack
  } // End of Armature
} // End of Root
AnimationSet Global {
  Animation {
    {Adventurer_Body}
    AnimationKey { // Rotation
      0;
      43;
      0;4;-0.707107,-0.707107,-0.000000, 0.000000;;,
      1;4;-0.707107,-0.707107,-0.000000, 0.000000;;,
      2;4;-0.707107,-0.707107,-0.000000, 0.000000;;,
      3;4;-0.707107,-0.707107,-0.000000, 0.000000;;,
      4;4;-0.707107,-0.707107,-0.000000, 0.000000;;,
      5;4;-0.707107,-0.707107,-0.000000, 0.000000;;,
      6;4;-0.707107,-0.707107,-0.000000, 0.000000;;,
      7;4;-0.707107,-0.707107,-0.000000, 0.000000;;,
      8;4;-0.707107,-0.707107,-0.000000, 0.000000;;,
      9;4;-0.707107,-0.707107,-0.000000, 0.000000;;,
      10;4;-0.707107,-0.707107,-0.000000, 0.000000;;,
      11;4;-0.707107,-0.707107,-0.000000, 0.000000;;,
      12;4;-0.707107,-0.707107,-0.000000, 0.000000;;,
      13;4;-0.707107,-0.707107,-0.000000, 0.000000;;,
      14;4;-0.707107,-0.707107,-0.000000, 0.000000;;,
      15;4;-0.707107,-0.707107,-0.000000, 0.000000;;,
      16;4;-0.707107,-0.707107,-0.000000, 0.000000;;,
      17;4;-0.707107,-0.707107,-0.000000, 0.000000;;,
      18;4;-0.707107,-0.707107,-0.000000, 0.000000;;,
      19;4;-0.707107,-0.707107,-0.000000, 0.000000;;,
      20;4;-0.707107,-0.707107,-0.000000, 0.000000;;,
      21;4;-0.707107,-0.707107,-0.000000, 0.000000;;,
      22;4;-0.707107,-0.707107,-0.000000, 0.000000;;,
      23;4;-0.707107,-0.707107,-0.000000, 0.000000;;,
      24;4;-0.707107,-0.707107,-0.000000, 0.000000;;,
      25;4;-0.707107,-0.707107,-0.000000, 0.000000;;,
      26;4;-0.707107,-0.707107,-0.000000, 0.000000;;,
      27;4;-0.707107,-0.707107,-0.000000, 0.000000;;,
      28;4;-0.707107,-0.707107,-0.000000, 0.000000;;,
      29;4;-0.707107,-0.707107,-0.000000, 0.000000;;,
      30;4;-0.707107,-0.707107,-0.000000, 0.000000;;,
      31;4;-0.707107,-0.707107,-0.000000, 0.000000;;,
      32;4;-0.707107,-0.707107,-0.000000, 0.000000;;,
      33;4;-0.707107,-0.707107,-0.000000, 0.000000;;,
      34;4;-0.707107,-0.707107,-0.000000, 0.000000;;,
      35;4;-0.707107,-0.707107,-0.000000, 0.000000;;,
      36;4;-0.707107,-0.707107,-0.000000, 0.000000;;,
      37;4;-0.707107,-0.707107,-0.000000, 0.000000;;,
      38;4;-0.707107,-0.707107,-0.000000, 0.000000;;,
