xof 0303txt 0032

template XSkinMeshHeader {
  <3cf169ce-ff7c-44ab-93c0-f78f62d172e2>
  WORD nMaxSkinWeightsPerVertex;
  WORD nMaxSkinWeightsPerFace;
  WORD nBones;
}

template SkinWeights {
  <6f0d123b-bad2-4167-a0d0-80224f25fabb>
  STRING transformNodeName;
  DWORD nWeights;
  array DWORD vertexIndices[nWeights];
  array float weights[nWeights];
  Matrix4x4 matrixOffset;
}

Frame Root {
  FrameTransformMatrix {
     1.000000, 0.000000, 0.000000, 0.000000,
     0.000000,-0.000000,-1.000000, 0.000000,
     0.000000, 1.000000,-0.000000, 0.000000,
     0.000000, 0.000000, 0.000000, 1.000000;;
  }
  Frame Armature {
    FrameTransformMatrix {
       0.100000, 0.000000, 0.000000, 0.000000,
       0.000000,-0.000000, 0.100000, 0.000000,
       0.000000,-0.100000,-0.000000, 0.000000,
       0.000000, 0.000000, 0.000000, 1.000000;;
    }
    Frame Armature_mixamorig_Hips {
      FrameTransformMatrix {
         0.276335,-0.682371,-0.676763, 0.000000,
         0.140279, 0.725280,-0.674011, 0.000000,
         0.950768, 0.091317, 0.296143, 0.000000,
         2.544596,89.682831, 2.703606, 1.000000;;
      }
      Frame Armature_mixamorig_LeftUpLeg {
        FrameTransformMatrix {
          -0.781053,-0.587324, 0.212115, 0.000000,
           0.614065,-0.660713, 0.431716, 0.000000,
          -0.113406, 0.467450, 0.876714, 0.000000,
           7.707780,-5.105717, 0.126754, 1.000000;;
        }
        Frame Armature_mixamorig_LeftLeg {
          FrameTransformMatrix {
             0.997015, 0.039135, 0.066548, 0.000000,
             0.047528, 0.368144,-0.928553, 0.000000,
            -0.060838, 0.928945, 0.365186, 0.000000,
            -0.000001,45.952511,-0.000002, 1.000000;;
          }
          Frame Armature_mixamorig_LeftFoot {
            FrameTransformMatrix {
               0.996340,-0.059331,-0.061527, 0.000000,
               0.067090, 0.096843, 0.993035, 0.000000,
              -0.052960,-0.993529, 0.100469, 0.000000,
              -0.000000,44.565872, 0.000001, 1.000000;;
            }
            Frame Armature_mixamorig_LeftToeBase {
              FrameTransformMatrix {
                 0.963805,-0.006592, 0.266527, 0.000000,
                -0.150243, 0.812409, 0.563399, 0.000000,
                -0.220243,-0.583050, 0.782014, 0.000000,
                 0.000001,18.311054,-0.000002, 1.000000;;
              }
              Frame Armature_mixamorig_LeftToe_End {
                FrameTransformMatrix {
                   1.000000, 0.000000, 0.000000, 0.000000,
                  -0.000000, 1.000000,-0.000000, 0.000000,
                  -0.000000, 0.000000, 1.000000, 0.000000,
                   0.000007, 6.608835,-0.000002, 1.000000;;
                }
                Frame Armature_mixamorig_LeftToe_End_end {
                  FrameTransformMatrix {
                     1.000000,-0.000000,-0.000000, 0.000000,
                     0.000000, 1.000000,-0.000000, 0.000000,
                     0.000000, 0.000000, 1.000000, 0.000000,
                    -0.000001, 6.608830,-0.000001, 1.000000;;
                  }
                } // End of Armature_mixamorig_LeftToe_End_end
              } // End of Armature_mixamorig_LeftToe_End
            } // End of Armature_mixamorig_LeftToeBase
          } // End of Armature_mixamorig_LeftFoot
        } // End of Armature_mixamorig_LeftLeg
      } // End of Armature_mixamorig_LeftUpLeg
      Frame Armature_mixamorig_RightUpLeg {
        FrameTransformMatrix {
          -0.996766, 0.076098,-0.024304, 0.000000,
          -0.078769,-0.885555, 0.457808, 0.000000,
           0.013312, 0.458260, 0.888718, 0.000000,
          -7.707794,-5.105710, 0.340398, 1.000000;;
        }
        Frame Armature_mixamorig_RightLeg {
          FrameTransformMatrix {
             0.979599, 0.048948, 0.194912, 0.000000,
             0.077439, 0.803046,-0.590864, 0.000000,
            -0.185445, 0.593903, 0.782872, 0.000000,
            -0.000004,45.947235, 0.000003, 1.000000;;
          }
          Frame Armature_mixamorig_RightFoot {
            FrameTransformMatrix {
               0.969692, 0.193712,-0.148904, 0.000000,
              -0.088916, 0.847433, 0.523404, 0.000000,
               0.227575,-0.494301, 0.838973, 0.000000,
               0.000004,44.572094, 0.000001, 1.000000;;
            }
            Frame Armature_mixamorig_RightToeBase {
              FrameTransformMatrix {
                 0.965469, 0.022171,-0.259574, 0.000000,
                 0.147865, 0.773700, 0.616055, 0.000000,
                 0.214491,-0.633164, 0.743705, 0.000000,
                 0.000007,18.116943, 0.000003, 1.000000;;
              }
              Frame Armature_mixamorig_RightToe_End {
                FrameTransformMatrix {
                   0.999999,-0.000000,-0.000008, 0.000000,
                   0.000000, 1.000000, 0.000000, 0.000000,
                   0.000008,-0.000000, 1.000000, 0.000000,
                  -0.000001, 6.707268, 0.000004, 1.000000;;
                }
                Frame Armature_mixamorig_RightToe_End_end {
                  FrameTransformMatrix {
                     1.000000, 0.000000, 0.000000, 0.000000,
                    -0.000000, 1.000000,-0.000000, 0.000000,
                    -0.000000, 0.000000, 1.000000, 0.000000,
                    -0.000001, 6.707254, 0.000004, 1.000000;;
                  }
                } // End of Armature_mixamorig_RightToe_End_end
              } // End of Armature_mixamorig_RightToe_End
            } // End of Armature_mixamorig_RightToeBase
          } // End of Armature_mixamorig_RightFoot
        } // End of Armature_mixamorig_RightLeg
      } // End of Armature_mixamorig_RightUpLeg
      Frame Armature_mixamorig_Spine {
        FrameTransformMatrix {
           0.988517,-0.138917, 0.059461, 0.000000,
           0.136859, 0.989884, 0.037400, 0.000000,
          -0.064055,-0.028832, 0.997530, 0.000000,
           0.000003, 9.170839, 0.205809, 1.000000;;
        }
        Frame Armature_mixamorig_Spine1 {
          FrameTransformMatrix {
             0.995082,-0.073674, 0.066214, 0.000000,
             0.070855, 0.996518, 0.043961, 0.000000,
            -0.069222,-0.039053, 0.996837, 0.000000,
             0.000008,10.701988,-0.000001, 1.000000;;
          }
          Frame Armature_mixamorig_Spine2 {
            FrameTransformMatrix {
               0.995796,-0.061312, 0.068057, 0.000000,
               0.057419, 0.996678, 0.057759, 0.000000,
              -0.071372,-0.053608, 0.996008, 0.000000,
              -0.000001,12.230865,-0.000001, 1.000000;;
            }
            Frame Armature_mixamorig_LeftShoulder {
              FrameTransformMatrix {
                 0.741593,-0.263925,-0.616753, 0.000000,
                 0.486152,-0.422088, 0.765179, 0.000000,
                -0.462273,-0.867286,-0.184710, 0.000000,
                 5.180540,11.652149, 0.054661, 1.000000;;
              }
              Frame Armature_mixamorig_LeftArm {
                FrameTransformMatrix {
                   0.774517, 0.624929, 0.097912, 0.000000,
                  -0.617075, 0.780491,-0.100256, 0.000000,
                  -0.139072, 0.017231, 0.990132, 0.000000,
                  -0.000001,10.993588, 0.000001, 1.000000;;
                }
                Frame Armature_mixamorig_LeftForeArm {
                  FrameTransformMatrix {
                     0.860487, 0.506239,-0.057306, 0.000000,
                    -0.508957, 0.849105,-0.141364, 0.000000,
                    -0.022905, 0.150808, 0.988298, 0.000000,
                     0.000008,21.306490,-0.000002, 1.000000;;
                  }
                  Frame Armature_mixamorig_LeftHand {
                    FrameTransformMatrix {
                       0.921082, 0.379981, 0.084981, 0.000000,
                      -0.270940, 0.782228,-0.560991, 0.000000,
                      -0.279641, 0.493694, 0.823448, 0.000000,
                      -0.000006,24.281296,-0.000001, 1.000000;;
                    }
                    Frame Armature_mixamorig_LeftHandIndex1 {
                      FrameTransformMatrix {
                         0.734867, 0.541076,-0.408910, 0.000000,
                        -0.651134, 0.731531,-0.202203, 0.000000,
                         0.189723, 0.414847, 0.889891, 0.000000,
                        -4.000838,10.644589, 0.188380, 1.000000;;
                      }
                      Frame Armature_mixamorig_LeftHandIndex2 {
                        FrameTransformMatrix {
                           0.999448,-0.032763,-0.005443, 0.000000,
                           0.032738, 0.944321, 0.327394, 0.000000,
                          -0.005587,-0.327391, 0.944872, 0.000000,
                          -0.000053, 3.442460,-0.000010, 1.000000;;
                        }
                        Frame Armature_mixamorig_LeftHandIndex3 {
                          FrameTransformMatrix {
                             0.999936,-0.011290,-0.000765, 0.000000,
                             0.011297, 0.992028, 0.125504, 0.000000,
                            -0.000658,-0.125505, 0.992092, 0.000000,
                            -0.000146, 3.228677, 0.000015, 1.000000;;
                          }
                          Frame Armature_mixamorig_LeftHandIndex4 {
                            FrameTransformMatrix {
                               1.000000,-0.000000, 0.000000, 0.000000,
                               0.000000, 1.000001, 0.000000, 0.000000,
                              -0.000000, 0.000000, 1.000000, 0.000000,
                               0.000214, 2.712055,-0.000002, 1.000000;;
                            }
                            Frame Armature_mixamorig_LeftHandIndex4_end {
                              FrameTransformMatrix {
                                 1.000000, 0.000000, 0.000000, 0.000000,
                                 0.000000, 1.000000,-0.000000, 0.000000,
                                 0.000000, 0.000000, 1.000000, 0.000000,
                                -0.000003, 2.712039,-0.000002, 1.000000;;
                              }
                            } // End of Armature_mixamorig_LeftHandIndex4_end
                          } // End of Armature_mixamorig_LeftHandIndex4
                        } // End of Armature_mixamorig_LeftHandIndex3
                      } // End of Armature_mixamorig_LeftHandIndex2
                    } // End of Armature_mixamorig_LeftHandIndex1
                    Frame Armature_mixamorig_LeftHandMiddle1 {
                      FrameTransformMatrix {
                         0.930552, 0.361028,-0.061092, 0.000000,
                        -0.366060, 0.913353,-0.178288, 0.000000,
                        -0.008569, 0.188269, 0.982080, 0.000000,
                        -1.145590,10.269830, 0.098154, 1.000000;;
                      }
                      Frame Armature_mixamorig_LeftHandMiddle2 {
                        FrameTransformMatrix {
                           0.999121,-0.039934,-0.012752, 0.000000,
                           0.040897, 0.861715, 0.505743, 0.000000,
                          -0.009207,-0.505820, 0.862590, 0.000000,
                          -0.001410, 4.567449,-0.000033, 1.000000;;
                        }
                        Frame Armature_mixamorig_LeftHandMiddle3 {
                          FrameTransformMatrix {
                             0.999758,-0.021935,-0.001987, 0.000000,
                             0.021879, 0.978668, 0.204281, 0.000000,
                            -0.002536,-0.204275, 0.978911, 0.000000,
                             0.000998, 4.214494,-0.000021, 1.000000;;
                          }
                          Frame Armature_mixamorig_LeftHandMiddle4 {
                            FrameTransformMatrix {
                               1.000000,-0.000000, 0.000000, 0.000000,
                               0.000000, 1.000000, 0.000001, 0.000000,
                              -0.000000,-0.000001, 1.000000, 0.000000,
                               0.000404, 3.872899,-0.000028, 1.000000;;
                            }
                            Frame Armature_mixamorig_LeftHandMiddle4_end {
                              FrameTransformMatrix {
                                 1.000000, 0.000000,-0.000000, 0.000000,
                                -0.000000, 1.000000, 0.000000, 0.000000,
                                 0.000000,-0.000000, 1.000000, 0.000000,
                                -0.000000, 3.872906,-0.000005, 1.000000;;
                              }
                            } // End of Armature_mixamorig_LeftHandMiddle4_end
                          } // End of Armature_mixamorig_LeftHandMiddle4
                        } // End of Armature_mixamorig_LeftHandMiddle3
                      } // End of Armature_mixamorig_LeftHandMiddle2
                    } // End of Armature_mixamorig_LeftHandMiddle1
                    Frame Armature_mixamorig_LeftHandPinky1 {
                      FrameTransformMatrix {
                         0.980633,-0.193467,-0.030480, 0.000000,
                         0.149497, 0.839944,-0.521675, 0.000000,
                         0.126529, 0.507015, 0.852600, 0.000000,
                         3.634694,10.279541, 0.214948, 1.000000;;
                      }
                      Frame Armature_mixamorig_LeftHandPinky2 {
                        FrameTransformMatrix {
                           0.998990,-0.042209,-0.015428, 0.000000,
                           0.043246, 0.809526, 0.585489, 0.000000,
                          -0.012223,-0.585565, 0.810534, 0.000000,
                           0.001730, 3.272563, 0.000002, 1.000000;;
                        }
                        Frame Armature_mixamorig_LeftHandPinky3 {
                          FrameTransformMatrix {
                             0.999033,-0.042605,-0.010873, 0.000000,
                             0.042308, 0.864069, 0.501593, 0.000000,
                            -0.011975,-0.501568, 0.865036, 0.000000,
                            -0.001539, 2.574708,-0.000048, 1.000000;;
                          }
                          Frame Armature_mixamorig_LeftHandPinky4 {
                            FrameTransformMatrix {
                               1.000000,-0.000000, 0.000000, 0.000000,
                               0.000000, 1.000000,-0.000001, 0.000000,
                              -0.000000, 0.000001, 1.000000, 0.000000,
                              -0.000160, 2.249541, 0.000026, 1.000000;;
                            }
                            Frame Armature_mixamorig_LeftHandPinky4_end {
                              FrameTransformMatrix {
                                 1.000000, 0.000000,-0.000000, 0.000000,
                                -0.000000, 1.000000,-0.000000, 0.000000,
                                 0.000000, 0.000000, 1.000000, 0.000000,
                                -0.000002, 2.249500, 0.000003, 1.000000;;
                              }
                            } // End of Armature_mixamorig_LeftHandPinky4_end
                          } // End of Armature_mixamorig_LeftHandPinky4
                        } // End of Armature_mixamorig_LeftHandPinky3
                      } // End of Armature_mixamorig_LeftHandPinky2
                    } // End of Armature_mixamorig_LeftHandPinky1
                    Frame Armature_mixamorig_LeftHandRing1 {
                      FrameTransformMatrix {
                         0.981835, 0.179771,-0.060678, 0.000000,
                        -0.188397, 0.961624,-0.199463, 0.000000,
                         0.022492, 0.207271, 0.978025, 0.000000,
                         1.511702,10.276326, 0.094566, 1.000000;;
                      }
                      Frame Armature_mixamorig_LeftHandRing2 {
                        FrameTransformMatrix {
                           0.998188,-0.057632,-0.017268, 0.000000,
                           0.057114, 0.817507, 0.573079, 0.000000,
                          -0.018911,-0.573027, 0.819318, 0.000000,
                          -0.000574, 3.979029,-0.000050, 1.000000;;
                        }
                        Frame Armature_mixamorig_LeftHandRing3 {
                          FrameTransformMatrix {
                             0.999205,-0.039177,-0.007324, 0.000000,
                             0.038971, 0.921906, 0.385450, 0.000000,
                            -0.008349,-0.385429, 0.922700, 0.000000,
                             0.000089, 3.715568, 0.000041, 1.000000;;
                          }
                          Frame Armature_mixamorig_LeftHandRing4 {
                            FrameTransformMatrix {
                               1.000000,-0.000000,-0.000000, 0.000000,
                               0.000000, 1.000000,-0.000001, 0.000000,
                              -0.000000, 0.000001, 1.000000, 0.000000,
                               0.000519, 3.315370,-0.000007, 1.000000;;
                            }
                            Frame Armature_mixamorig_LeftHandRing4_end {
                              FrameTransformMatrix {
                                 1.000000, 0.000000, 0.000000, 0.000000,
                                -0.000000, 1.000000, 0.000000, 0.000000,
                                 0.000000,-0.000000, 1.000000, 0.000000,
                                 0.000003, 3.315372, 0.000001, 1.000000;;
                              }
                            } // End of Armature_mixamorig_LeftHandRing4_end
                          } // End of Armature_mixamorig_LeftHandRing4
                        } // End of Armature_mixamorig_LeftHandRing3
                      } // End of Armature_mixamorig_LeftHandRing2
                    } // End of Armature_mixamorig_LeftHandRing1
                    Frame Armature_mixamorig_LeftHandThumb1 {
                      FrameTransformMatrix {
                         0.393549, 0.458741,-0.796665, 0.000000,
                        -0.589238, 0.791051, 0.164427, 0.000000,
                         0.705632, 0.404716, 0.581625, 0.000000,
                        -3.268717, 2.020236, 1.309112, 1.000000;;
                      }
                      Frame Armature_mixamorig_LeftHandThumb2 {
                        FrameTransformMatrix {
                           0.911687,-0.407463,-0.052920, 0.000000,
                           0.361864, 0.857238,-0.366329, 0.000000,
                           0.194630, 0.314828, 0.928980, 0.000000,
                          -0.446727, 3.216749, 0.000002, 1.000000;;
                        }
                        Frame Armature_mixamorig_LeftHandThumb3 {
                          FrameTransformMatrix {
                             0.601918,-0.796495, 0.057359, 0.000000,
                             0.798179, 0.597866,-0.073941, 0.000000,
                             0.024601, 0.090289, 0.995611, 0.000000,
                             0.289040, 4.061798,-0.000031, 1.000000;;
                          }
                          Frame Armature_mixamorig_LeftHandThumb4 {
                            FrameTransformMatrix {
                               1.000000,-0.000000,-0.000000, 0.000000,
                               0.000000, 1.000000,-0.000001, 0.000000,
                               0.000000, 0.000001, 1.000001, 0.000000,
                               0.157703, 3.553965,-0.000031, 1.000000;;
                            }
                            Frame Armature_mixamorig_LeftHandThumb4_end {
                              FrameTransformMatrix {
                                 1.000000,-0.000000, 0.000000, 0.000000,
                                 0.000000, 1.000000,-0.000000, 0.000000,
                                 0.000000, 0.000000, 1.000000, 0.000000,
                                 0.000000, 3.557464,-0.000007, 1.000000;;
                              }
                            } // End of Armature_mixamorig_LeftHandThumb4_end
                          } // End of Armature_mixamorig_LeftHandThumb4
                        } // End of Armature_mixamorig_LeftHandThumb3
                      } // End of Armature_mixamorig_LeftHandThumb2
                    } // End of Armature_mixamorig_LeftHandThumb1
                  } // End of Armature_mixamorig_LeftHand
                } // End of Armature_mixamorig_LeftForeArm
              } // End of Armature_mixamorig_LeftArm
            } // End of Armature_mixamorig_LeftShoulder
            Frame Armature_mixamorig_Neck {
              FrameTransformMatrix {
                 0.996350,-0.071676,-0.046362, 0.000000,
                 0.079354, 0.977875, 0.193554, 0.000000,
                 0.031463,-0.196526, 0.979994, 0.000000,
                -0.000001,13.759715,-0.000001, 1.000000;;
              }
              Frame Armature_mixamorig_Head {
                FrameTransformMatrix {
                   0.965740, 0.258284, 0.025202, 0.000000,
                  -0.253616, 0.918768, 0.302564, 0.000000,
                   0.054993,-0.298590, 0.952796, 0.000000,
                   0.000018, 7.527287,-0.214818, 1.000000;;
                }
                Frame Armature_mixamorig_HeadTop_End {
                  FrameTransformMatrix {
                     1.000000, 0.000000,-0.000000, 0.000000,
                     0.000000, 1.000000, 0.000000, 0.000000,
                    -0.000000, 0.000000, 1.000000, 0.000000,
                     0.000034,26.017355,-0.742485, 1.000000;;
                  }
                  Frame Armature_mixamorig_HeadTop_End_end {
                    FrameTransformMatrix {
                       1.000000,-0.000000, 0.000000, 0.000000,
                       0.000000, 1.000000, 0.000000, 0.000000,
                      -0.000000, 0.000000, 1.000000, 0.000000,
                       0.000006,26.027994, 0.000002, 1.000000;;
                    }
                  } // End of Armature_mixamorig_HeadTop_End_end
                } // End of Armature_mixamorig_HeadTop_End
              } // End of Armature_mixamorig_Head
            } // End of Armature_mixamorig_Neck
            Frame Armature_mixamorig_RightShoulder {
              FrameTransformMatrix {
                -0.207270, 0.007316, 0.978256, 0.000000,
                -0.976873,-0.055227,-0.206564, 0.000000,
                 0.052514,-0.998447, 0.018594, 0.000000,
                -5.180521,11.651817, 0.039940, 1.000000;;
              }
              Frame Armature_mixamorig_RightArm {
                FrameTransformMatrix {
                   0.009132,-0.877143,-0.480144, 0.000000,
                   0.268479, 0.464684,-0.843794, 0.000000,
                   0.963242,-0.121203, 0.239738, 0.000000,
                  -0.000000,10.993588,-0.000002, 1.000000;;
                }
                Frame Armature_mixamorig_RightForeArm {
                  FrameTransformMatrix {
                     0.788643,-0.610343, 0.074320, 0.000000,
                     0.614354, 0.777374,-0.135124, 0.000000,
                     0.024698, 0.152223, 0.988037, 0.000000,
                    -0.000002,21.306318,-0.000002, 1.000000;;
                  }
                  Frame Armature_mixamorig_RightHand {
                    FrameTransformMatrix {
                       0.230821,-0.361228,-0.903458, 0.000000,
                      -0.193901, 0.892830,-0.406518, 0.000000,
                       0.953480, 0.269014, 0.136041, 0.000000,
                       0.000011,24.291653, 0.000004, 1.000000;;
                    }
                    Frame Armature_mixamorig_RightHandIndex1 {
                      FrameTransformMatrix {
                         0.996067,-0.086643, 0.018520, 0.000000,
                         0.048565, 0.708753, 0.703784, 0.000000,
                        -0.074104,-0.700116, 0.710173, 0.000000,
                         3.876483,10.479924, 0.248487, 1.000000;;
                      }
                      Frame Armature_mixamorig_RightHandIndex2 {
                        FrameTransformMatrix {
                           0.997608, 0.059574, 0.035061, 0.000000,
                          -0.060320, 0.502502, 0.862469, 0.000000,
                           0.033763,-0.862521, 0.504894, 0.000000,
                           0.001554, 3.405111,-0.000004, 1.000000;;
                        }
                        Frame Armature_mixamorig_RightHandIndex3 {
                          FrameTransformMatrix {
                             0.997608, 0.059459, 0.035241, 0.000000,
                            -0.060093, 0.494219, 0.867258, 0.000000,
                             0.034149,-0.867302, 0.496610, 0.000000,
                            -0.000177, 3.328525,-0.000008, 1.000000;;
                          }
                          Frame Armature_mixamorig_RightHandIndex4 {
                            FrameTransformMatrix {
                               1.000000, 0.000000, 0.000000, 0.000000,
                              -0.000000, 1.000000, 0.000000, 0.000000,
                              -0.000000, 0.000000, 1.000000, 0.000000,
                              -0.001403, 2.857769,-0.000021, 1.000000;;
                            }
                            Frame Armature_mixamorig_RightHandIndex4_end {
                              FrameTransformMatrix {
                                 1.000000, 0.000000, 0.000000, 0.000000,
                                 0.000000, 1.000000,-0.000000, 0.000000,
                                 0.000000, 0.000000, 1.000000, 0.000000,
                                 0.000010, 2.857758, 0.000004, 1.000000;;
                              }
                            } // End of Armature_mixamorig_RightHandIndex4_end
                          } // End of Armature_mixamorig_RightHandIndex4
                        } // End of Armature_mixamorig_RightHandIndex3
                      } // End of Armature_mixamorig_RightHandIndex2
                    } // End of Armature_mixamorig_RightHandIndex1
                    Frame Armature_mixamorig_RightHandMiddle1 {
                      FrameTransformMatrix {
                         0.999817, 0.007787, 0.017463, 0.000000,
                        -0.018073, 0.683043, 0.730155, 0.000000,
                        -0.006243,-0.730337, 0.683058, 0.000000,
                         1.265795,10.731002,-0.044037, 1.000000;;
                      }
                      Frame Armature_mixamorig_RightHandMiddle2 {
                        FrameTransformMatrix {
                           0.997280, 0.060098, 0.042675, 0.000000,
                          -0.061444, 0.358025, 0.931688, 0.000000,
                           0.040714,-0.931776, 0.360743, 0.000000,
                           0.001795, 4.302090,-0.000005, 1.000000;;
                        }
                        Frame Armature_mixamorig_RightHandMiddle3 {
                          FrameTransformMatrix {
                             0.997281, 0.058334, 0.045024, 0.000000,
                            -0.060989, 0.310508, 0.948612, 0.000000,
                             0.041356,-0.948779, 0.313222, 0.000000,
                             0.000404, 4.040854,-0.000023, 1.000000;;
                          }
                          Frame Armature_mixamorig_RightHandMiddle4 {
                            FrameTransformMatrix {
                               1.000000,-0.000000, 0.000000, 0.000000,
                               0.000000, 1.000000, 0.000000, 0.000000,
                              -0.000000,-0.000000, 1.000000, 0.000000,
                              -0.002180, 3.587892, 0.000010, 1.000000;;
                            }
                            Frame Armature_mixamorig_RightHandMiddle4_end {
                              FrameTransformMatrix {
                                 1.000000,-0.000000,-0.000000, 0.000000,
                                -0.000000, 1.000000, 0.000000, 0.000000,
                                 0.000000,-0.000000, 1.000000, 0.000000,
                                 0.000001, 3.587901, 0.000004, 1.000000;;
                              }
                            } // End of Armature_mixamorig_RightHandMiddle4_end
                          } // End of Armature_mixamorig_RightHandMiddle4
                        } // End of Armature_mixamorig_RightHandMiddle3
                      } // End of Armature_mixamorig_RightHandMiddle2
                    } // End of Armature_mixamorig_RightHandMiddle1
                    Frame Armature_mixamorig_RightHandPinky1 {
                      FrameTransformMatrix {
                         0.956428, 0.291968,-0.000302, 0.000000,
                        -0.261811, 0.858094, 0.441735, 0.000000,
                         0.129232,-0.422409, 0.897146, 0.000000,
                        -3.578560,10.364520, 0.239159, 1.000000;;
                      }
                      Frame Armature_mixamorig_RightHandPinky2 {
                        FrameTransformMatrix {
                           0.999121, 0.034550, 0.023752, 0.000000,
                          -0.037615, 0.488428, 0.871793, 0.000000,
                           0.018519,-0.871920, 0.489298, 0.000000,
                          -0.001974, 3.211697, 0.000003, 1.000000;;
                        }
                        Frame Armature_mixamorig_RightHandPinky3 {
                          FrameTransformMatrix {
                             0.999310, 0.035148, 0.012023, 0.000000,
                            -0.033673, 0.720393, 0.692749, 0.000000,
                             0.015688,-0.692675, 0.721079, 0.000000,
                             0.003126, 2.578171,-0.000002, 1.000000;;
                          }
                          Frame Armature_mixamorig_RightHandPinky4 {
                            FrameTransformMatrix {
                               1.000000, 0.000000,-0.000000, 0.000000,
                              -0.000000, 1.000000,-0.000001, 0.000000,
                               0.000000, 0.000001, 1.000000, 0.000000,
                              -0.001141, 2.342482,-0.000020, 1.000000;;
                            }
                            Frame Armature_mixamorig_RightHandPinky4_end {
                              FrameTransformMatrix {
                                 1.000000,-0.000000, 0.000000, 0.000000,
                                 0.000000, 1.000000, 0.000000, 0.000000,
                                -0.000000,-0.000000, 1.000000, 0.000000,
                                 0.000004, 2.342507, 0.000002, 1.000000;;
                              }
                            } // End of Armature_mixamorig_RightHandPinky4_end
                          } // End of Armature_mixamorig_RightHandPinky4
                        } // End of Armature_mixamorig_RightHandPinky3
                      } // End of Armature_mixamorig_RightHandPinky2
                    } // End of Armature_mixamorig_RightHandPinky1
                    Frame Armature_mixamorig_RightHandRing1 {
                      FrameTransformMatrix {
                         0.993058, 0.116945, 0.012677, 0.000000,
                        -0.093167, 0.716171, 0.691679, 0.000000,
                         0.071809,-0.688058, 0.722094, 0.000000,
                        -1.563633,10.580321, 0.239552, 1.000000;;
                      }
                      Frame Armature_mixamorig_RightHandRing2 {
                        FrameTransformMatrix {
                           0.997912, 0.051543, 0.038920, 0.000000,
                          -0.054324, 0.343918, 0.937427, 0.000000,
                           0.034932,-0.937584, 0.346000, 0.000000,
                          -0.000542, 3.718184,-0.000025, 1.000000;;
                        }
                        Frame Armature_mixamorig_RightHandRing3 {
                          FrameTransformMatrix {
                             0.997720, 0.055036, 0.039051, 0.000000,
                            -0.055917, 0.350269, 0.934979, 0.000000,
                             0.037780,-0.935031, 0.352548, 0.000000,
                            -0.000330, 3.643941, 0.000001, 1.000000;;
                          }
                          Frame Armature_mixamorig_RightHandRing4 {
                            FrameTransformMatrix {
                               1.000000,-0.000000, 0.000000, 0.000000,
                               0.000000, 1.000001, 0.000001, 0.000000,
                              -0.000000,-0.000001, 1.000000, 0.000000,
                               0.000856, 3.025710, 0.000003, 1.000000;;
                            }
                            Frame Armature_mixamorig_RightHandRing4_end {
                              FrameTransformMatrix {
                                 1.000000,-0.000000, 0.000000, 0.000000,
                                -0.000000, 1.000000, 0.000000, 0.000000,
                                 0.000000, 0.000000, 1.000000, 0.000000,
                                 0.000006, 3.025682, 0.000006, 1.000000;;
                              }
                            } // End of Armature_mixamorig_RightHandRing4_end
                          } // End of Armature_mixamorig_RightHandRing4
                        } // End of Armature_mixamorig_RightHandRing3
                      } // End of Armature_mixamorig_RightHandRing2
                    } // End of Armature_mixamorig_RightHandRing1
                    Frame Armature_mixamorig_RightHandThumb1 {
                      FrameTransformMatrix {
                         0.577478,-0.767751, 0.277630, 0.000000,
                         0.376612, 0.552236, 0.743773, 0.000000,
                        -0.724350,-0.324953, 0.608048, 0.000000,
                         3.351188, 2.208743, 1.381227, 1.000000;;
                      }
                      Frame Armature_mixamorig_RightHandThumb2 {
                        FrameTransformMatrix {
                           0.826908, 0.536450,-0.168658, 0.000000,
                          -0.554135, 0.828374,-0.082044, 0.000000,
                           0.095699, 0.161302, 0.982254, 0.000000,
                           0.503341, 3.358189,-0.000011, 1.000000;;
                        }
                        Frame Armature_mixamorig_RightHandThumb3 {
                          FrameTransformMatrix {
                             0.736716, 0.622932,-0.263069, 0.000000,
                            -0.669233, 0.615974,-0.415575, 0.000000,
                            -0.096832, 0.482215, 0.870685, 0.000000,
                            -0.013886, 3.929754, 0.000009, 1.000000;;
                          }
                          Frame Armature_mixamorig_RightHandThumb4 {
                            FrameTransformMatrix {
                               1.000000, 0.000000, 0.000000, 0.000000,
                               0.000000, 1.000000,-0.000000, 0.000000,
                              -0.000000, 0.000000, 1.000000, 0.000000,
                              -0.489375, 3.302352, 0.000032, 1.000000;;
                            }
                            Frame Armature_mixamorig_RightHandThumb4_end {
                              FrameTransformMatrix {
                                 1.000000, 0.000001,-0.000001, 0.000000,
                                -0.000000, 1.000000,-0.000000, 0.000000,
                                 0.000001, 0.000000, 1.000000, 0.000000,
                                 0.000002, 3.338415, 0.000000, 1.000000;;
                              }
                            } // End of Armature_mixamorig_RightHandThumb4_end
                          } // End of Armature_mixamorig_RightHandThumb4
                        } // End of Armature_mixamorig_RightHandThumb3
                      } // End of Armature_mixamorig_RightHandThumb2
                    } // End of Armature_mixamorig_RightHandThumb1
                  } // End of Armature_mixamorig_RightHand
                } // End of Armature_mixamorig_RightForeArm
              } // End of Armature_mixamorig_RightArm
            } // End of Armature_mixamorig_RightShoulder
          } // End of Armature_mixamorig_Spine2
        } // End of Armature_mixamorig_Spine1
      } // End of Armature_mixamorig_Spine
    } // End of Armature_mixamorig_Hips
    Frame Adventurer_Body {
      FrameTransformMatrix {
        100.000000, 0.000001,-0.000001, 0.000000,
         0.000003,-0.000028,-100.000000, 0.000000,
         0.000000,100.000000,-0.000028, 0.000000,
        -0.000002,-0.000004,-0.000001, 1.000000;;
      }
    } // End of Adventurer_Body
    Frame Adventurer_Feet {
      FrameTransformMatrix {
        100.000000, 0.000002,-0.000001, 0.000000,
         0.000000,-0.000028,-99.999977, 0.000000,
         0.000002,100.000000,-0.000028, 0.000000,
        -0.000002,-0.000004,-0.000001, 1.000000;;
      }
    } // End of Adventurer_Feet
    Frame Adventurer_Head {
      FrameTransformMatrix {
        100.000000, 0.000001,-0.000001, 0.000000,
         0.000003,-0.000028,-100.000000, 0.000000,
         0.000000,100.000000,-0.000028, 0.000000,
        -0.000001,-0.000028,-0.000002, 1.000000;;
      }
    } // End of Adventurer_Head
    Frame Adventurer_Legs {
      FrameTransformMatrix {
        100.000000, 0.000002,-0.000001, 0.000000,
         0.000000,-0.000028,-99.999977, 0.000000,
         0.000002,100.000000,-0.000028, 0.000000,
        -0.000002,-0.000004,-0.000001, 1.000000;;
      }
    } // End of Adventurer_Legs
    Frame Backpack {
      FrameTransformMatrix {
        -26.076889, 0.000000,-0.000010, 0.000000,
        -0.000011, 0.000008,26.076881, 0.000000,
        -0.000000,26.076889,-0.000008, 0.000000,
        -0.000001,137.266479,-11.664414, 1.000000;;
      }
    } // End of Backpack
  } // End of Armature
} // End of Root
AnimationSet Global {
  Animation {
    {Adventurer_Body}
    AnimationKey { // Rotation
      0;
      40;
      0;4;-0.707107,-0.707107,-0.000000, 0.000000;;,
      1;4;-0.707107,-0.707107,-0.000000, 0.000000;;,
      2;4;-0.707107,-0.707107,-0.000000, 0.000000;;,
      3;4;-0.707107,-0.707107,-0.000000, 0.000000;;,
      4;4;-0.707107,-0.707107,-0.000000, 0.000000;;,
      5;4;-0.707107,-0.707107,-0.000000, 0.000000;;,
      6;4;-0.707107,-0.707107,-0.000000, 0.000000;;,
      7;4;-0.707107,-0.707107,-0.000000, 0.000000;;,
      8;4;-0.707107,-0.707107,-0.000000, 0.000000;;,
      9;4;-0.707107,-0.707107,-0.000000, 0.000000;;,
      10;4;-0.707107,-0.707107,-0.000000, 0.000000;;,
      11;4;-0.707107,-0.707107,-0.000000, 0.000000;;,
      12;4;-0.707107,-0.707107,-0.000000, 0.000000;;,
      13;4;-0.707107,-0.707107,-0.000000, 0.000000;;,
      14;4;-0.707107,-0.707107,-0.000000, 0.000000;;,
      15;4;-0.707107,-0.707107,-0.000000, 0.000000;;,
      16;4;-0.707107,-0.707107,-0.000000, 0.000000;;,
      17;4;-0.707107,-0.707107,-0.000000, 0.000000;;,
      18;4;-0.707107,-0.707107,-0.000000, 0.000000;;,
      19;4;-0.707107,-0.707107,-0.000000, 0.000000;;,
      20;4;-0.707107,-0.707107,-0.000000, 0.000000;;,
      21;4;-0.707107,-0.707107,-0.000000, 0.000000;;,
      22;4;-0.707107,-0.707107,-0.000000, 0.000000;;,
      23;4;-0.707107,-0.707107,-0.000000, 0.000000;;,
      24;4;-0.707107,-0.707107,-0.000000, 0.000000;;,
      25;4;-0.707107,-0.707107,-0.000000, 0.000000;;,
      26;4;-0.707107,-0.707107,-0.000000, 0.000000;;,
      27;4;-0.707107,-0.707107,-0.000000, 0.000000;;,
      28;4;-0.707107,-0.707107,-0.000000, 0.000000;;,
      29;4;-0.707107,-0.707107,-0.000000, 0.000000;;,
      30;4;-0.707107,-0.707107,-0.000000, 0.000000;;,
      31;4;-0.707107,-0.707107,-0.000000, 0.000000;;,
      32;4;-0.707107,-0.707107,-0.000000, 0.000000;;,
      33;4;-0.707107,-0.707107,-0.000000, 0.000000;;,
      34;4;-0.707107,-0.707107,-0.000000, 0.000000;;,
      35;4;-0.707107,-0.707107,-0.000000, 0.000000;;,
      36;4;-0.707107,-0.707107,-0.000000, 0.000000;;,
      37;4;-0.707107,-0.707107,-0.000000, 0.000000;;,
      38;4;-0.707107,-0.707107,-0.000000, 0.000000;;,
