xof 0303txt 0032

template XSkinMeshHeader {
  <3cf169ce-ff7c-44ab-93c0-f78f62d172e2>
  WORD nMaxSkinWeightsPerVertex;
  WORD nMaxSkinWeightsPerFace;
  WORD nBones;
}

template SkinWeights {
  <6f0d123b-bad2-4167-a0d0-80224f25fabb>
  STRING transformNodeName;
  DWORD nWeights;
  array DWORD vertexIndices[nWeights];
  array float weights[nWeights];
  Matrix4x4 matrixOffset;
}

Frame Root {
  FrameTransformMatrix {
     1.000000, 0.000000, 0.000000, 0.000000,
     0.000000,-0.000000,-1.000000, 0.000000,
     0.000000, 1.000000,-0.000000, 0.000000,
     0.000000, 0.000000, 0.000000, 1.000000;;
  }
  Frame Armature {
    FrameTransformMatrix {
       0.100000, 0.000000, 0.000000, 0.000000,
       0.000000,-0.000000, 0.100000, 0.000000,
       0.000000,-0.100000,-0.000000, 0.000000,
       0.000000, 0.000000, 0.000000, 1.000000;;
    }
    Frame Armature_mixamorig_Hips {
      FrameTransformMatrix {
         0.995681, 0.054243, 0.075344, 0.000000,
        -0.070048, 0.971549, 0.226242, 0.000000,
        -0.060929,-0.230543, 0.971153, 0.000000,
         2.544596,81.728989, 2.703621, 1.000000;;
      }
      Frame Armature_mixamorig_LeftUpLeg {
        FrameTransformMatrix {
          -0.971267,-0.093702,-0.218731, 0.000000,
           0.132370,-0.976613,-0.169427, 0.000000,
          -0.197734,-0.193514, 0.960963, 0.000000,
           7.707785,-5.105721, 0.126757, 1.000000;;
        }
        Frame Armature_mixamorig_LeftLeg {
          FrameTransformMatrix {
             0.990517,-0.111032, 0.080924, 0.000000,
             0.137325, 0.781692,-0.608358, 0.000000,
             0.004290, 0.613701, 0.789527, 0.000000,
            -0.000000,45.952507, 0.000002, 1.000000;;
          }
          Frame Armature_mixamorig_LeftFoot {
            FrameTransformMatrix {
               0.994204, 0.022563, 0.105114, 0.000000,
              -0.051481, 0.958258, 0.281231, 0.000000,
              -0.094381,-0.285013, 0.953865, 0.000000,
              -0.000000,44.565884,-0.000005, 1.000000;;
            }
            Frame Armature_mixamorig_LeftToeBase {
              FrameTransformMatrix {
                 0.964068,-0.002749, 0.265642, 0.000000,
                -0.149789, 0.820212, 0.552100, 0.000000,
                -0.219401,-0.572053, 0.790329, 0.000000,
                 0.000000,18.311064,-0.000008, 1.000000;;
              }
              Frame Armature_mixamorig_LeftToe_End {
                FrameTransformMatrix {
                   1.000000, 0.000000, 0.000000, 0.000000,
                   0.000000, 1.000000,-0.000000, 0.000000,
                  -0.000000, 0.000000, 1.000000, 0.000000,
                   0.000007, 6.608831,-0.000001, 1.000000;;
                }
                Frame Armature_mixamorig_LeftToe_End_end {
                  FrameTransformMatrix {
                     1.000000,-0.000000,-0.000000, 0.000000,
                     0.000000, 1.000000,-0.000000, 0.000000,
                     0.000000, 0.000000, 1.000000, 0.000000,
                     0.000001, 6.608831, 0.000000, 1.000000;;
                  }
                } // End of Armature_mixamorig_LeftToe_End_end
              } // End of Armature_mixamorig_LeftToe_End
            } // End of Armature_mixamorig_LeftToeBase
          } // End of Armature_mixamorig_LeftFoot
        } // End of Armature_mixamorig_LeftLeg
      } // End of Armature_mixamorig_LeftUpLeg
      Frame Armature_mixamorig_RightUpLeg {
        FrameTransformMatrix {
          -0.968953, 0.240563,-0.056441, 0.000000,
          -0.233080,-0.965708,-0.114363, 0.000000,
          -0.082019,-0.097661, 0.991834, 0.000000,
          -7.707784,-5.105714, 0.340400, 1.000000;;
        }
        Frame Armature_mixamorig_RightLeg {
          FrameTransformMatrix {
             0.995357, 0.089932, 0.034309, 0.000000,
            -0.055548, 0.827790,-0.558282, 0.000000,
            -0.078608, 0.553784, 0.828942, 0.000000,
            -0.000002,45.947224, 0.000003, 1.000000;;
          }
          Frame Armature_mixamorig_RightFoot {
            FrameTransformMatrix {
               0.984659, 0.172531,-0.026063, 0.000000,
              -0.162106, 0.959786, 0.229201, 0.000000,
               0.064559,-0.221460, 0.973030, 0.000000,
               0.000003,44.572098,-0.000005, 1.000000;;
            }
            Frame Armature_mixamorig_RightToeBase {
              FrameTransformMatrix {
                 0.975329,-0.127584,-0.180155, 0.000000,
                 0.138156, 0.989277, 0.047357, 0.000000,
                 0.172182,-0.071078, 0.982497, 0.000000,
                -0.000004,18.116941, 0.000014, 1.000000;;
              }
              Frame Armature_mixamorig_RightToe_End {
                FrameTransformMatrix {
                   1.000000,-0.000000,-0.000008, 0.000000,
                   0.000000, 1.000001, 0.000000, 0.000000,
                   0.000008,-0.000000, 1.000001, 0.000000,
                  -0.000002, 6.707273,-0.000006, 1.000000;;
                }
                Frame Armature_mixamorig_RightToe_End_end {
                  FrameTransformMatrix {
                     1.000000, 0.000000, 0.000000, 0.000000,
                    -0.000000, 1.000000,-0.000000, 0.000000,
                    -0.000000,-0.000000, 1.000000, 0.000000,
                    -0.000000, 6.707253,-0.000000, 1.000000;;
                  }
                } // End of Armature_mixamorig_RightToe_End_end
              } // End of Armature_mixamorig_RightToe_End
            } // End of Armature_mixamorig_RightToeBase
          } // End of Armature_mixamorig_RightFoot
        } // End of Armature_mixamorig_RightLeg
      } // End of Armature_mixamorig_RightUpLeg
      Frame Armature_mixamorig_Spine {
        FrameTransformMatrix {
           0.998963,-0.022726,-0.039451, 0.000000,
           0.019594, 0.996758,-0.078033, 0.000000,
           0.041097, 0.077179, 0.996170, 0.000000,
           0.000000, 9.170851, 0.205812, 1.000000;;
        }
        Frame Armature_mixamorig_Spine1 {
          FrameTransformMatrix {
             0.999454,-0.018535,-0.027342, 0.000000,
             0.015155, 0.992776,-0.119024, 0.000000,
             0.029350, 0.118545, 0.992515, 0.000000,
             0.000000,10.701984,-0.000001, 1.000000;;
          }
          Frame Armature_mixamorig_Spine2 {
            FrameTransformMatrix {
               0.999554,-0.016574,-0.024823, 0.000000,
               0.016669, 0.999854, 0.003629, 0.000000,
               0.024759,-0.004041, 0.999685, 0.000000,
              -0.000000,12.230858,-0.000000, 1.000000;;
            }
            Frame Armature_mixamorig_LeftShoulder {
              FrameTransformMatrix {
                 0.303747,-0.323839,-0.896028, 0.000000,
                 0.926490,-0.118897, 0.357044, 0.000000,
                -0.222160,-0.938611, 0.263919, 0.000000,
                 5.180532,11.652141, 0.054664, 1.000000;;
              }
              Frame Armature_mixamorig_LeftArm {
                FrameTransformMatrix {
                   0.267678, 0.409040, 0.872373, 0.000000,
                  -0.962453, 0.155881, 0.222228, 0.000000,
                  -0.045087,-0.899104, 0.435407, 0.000000,
                   0.000000,10.993587,-0.000006, 1.000000;;
                }
                Frame Armature_mixamorig_LeftForeArm {
                  FrameTransformMatrix {
                     0.670449, 0.737600,-0.080277, 0.000000,
                    -0.712264, 0.609540,-0.348054, 0.000000,
                    -0.207793, 0.290531, 0.934031, 0.000000,
                    -0.000014,21.306486,-0.000006, 1.000000;;
                  }
                  Frame Armature_mixamorig_LeftHand {
                    FrameTransformMatrix {
                       0.984894,-0.164348, 0.054528, 0.000000,
                       0.171543, 0.968978,-0.177914, 0.000000,
                      -0.023597, 0.184580, 0.982534, 0.000000,
                       0.000000,24.281301, 0.000002, 1.000000;;
                    }
                    Frame Armature_mixamorig_LeftHandIndex1 {
                      FrameTransformMatrix {
                         0.999524, 0.002229,-0.030759, 0.000000,
                         0.021888, 0.651362, 0.758451, 0.000000,
                         0.021726,-0.758764, 0.651003, 0.000000,
                        -4.000831,10.644618, 0.188383, 1.000000;;
                      }
                      Frame Armature_mixamorig_LeftHandIndex2 {
                        FrameTransformMatrix {
                           0.994725,-0.087760,-0.053103, 0.000000,
                           0.087526, 0.456236, 0.885544, 0.000000,
                          -0.053488,-0.885521, 0.461511, 0.000000,
                          -0.000040, 3.442434,-0.000021, 1.000000;;
                        }
                        Frame Armature_mixamorig_LeftHandIndex3 {
                          FrameTransformMatrix {
                             0.996808,-0.072640,-0.033129, 0.000000,
                             0.072950, 0.660079, 0.747645, 0.000000,
                            -0.032441,-0.747676, 0.663271, 0.000000,
                            -0.000137, 3.228656, 0.000017, 1.000000;;
                          }
                          Frame Armature_mixamorig_LeftHandIndex4 {
                            FrameTransformMatrix {
                               1.000000, 0.000000, 0.000000, 0.000000,
                              -0.000000, 1.000001,-0.000000, 0.000000,
                               0.000000, 0.000000, 1.000000, 0.000000,
                               0.000178, 2.712018,-0.000001, 1.000000;;
                            }
                            Frame Armature_mixamorig_LeftHandIndex4_end {
                              FrameTransformMatrix {
                                 1.000000,-0.000000, 0.000000, 0.000000,
                                -0.000000, 1.000000,-0.000000, 0.000000,
                                -0.000000, 0.000000, 1.000000, 0.000000,
                                -0.000009, 2.712041,-0.000005, 1.000000;;
                              }
                            } // End of Armature_mixamorig_LeftHandIndex4_end
                          } // End of Armature_mixamorig_LeftHandIndex4
                        } // End of Armature_mixamorig_LeftHandIndex3
                      } // End of Armature_mixamorig_LeftHandIndex2
                    } // End of Armature_mixamorig_LeftHandIndex1
                    Frame Armature_mixamorig_LeftHandMiddle1 {
                      FrameTransformMatrix {
                         0.998709,-0.042252,-0.028176, 0.000000,
                         0.049841, 0.708960, 0.703485, 0.000000,
                        -0.009748,-0.703982, 0.710151, 0.000000,
                        -1.145570,10.269859, 0.098151, 1.000000;;
                      }
                      Frame Armature_mixamorig_LeftHandMiddle2 {
                        FrameTransformMatrix {
                           0.995856,-0.075985,-0.049974, 0.000000,
                           0.080069, 0.471934, 0.877990, 0.000000,
                          -0.043130,-0.878353, 0.476062, 0.000000,
                          -0.001402, 4.567477,-0.000004, 1.000000;;
                        }
                        Frame Armature_mixamorig_LeftHandMiddle3 {
                          FrameTransformMatrix {
                             0.997546,-0.065829,-0.023850, 0.000000,
                             0.065210, 0.749483, 0.658804, 0.000000,
                            -0.025493,-0.658743, 0.751936, 0.000000,
                             0.000999, 4.214492,-0.000024, 1.000000;;
                          }
                          Frame Armature_mixamorig_LeftHandMiddle4 {
                            FrameTransformMatrix {
                               1.000000,-0.000000, 0.000000, 0.000000,
                               0.000000, 1.000000, 0.000001, 0.000000,
                              -0.000000,-0.000001, 1.000000, 0.000000,
                               0.000408, 3.872934,-0.000034, 1.000000;;
                            }
                            Frame Armature_mixamorig_LeftHandMiddle4_end {
                              FrameTransformMatrix {
                                 1.000000,-0.000000, 0.000000, 0.000000,
                                -0.000000, 1.000000, 0.000000, 0.000000,
                                -0.000000,-0.000000, 1.000000, 0.000000,
                                 0.000003, 3.872918,-0.000002, 1.000000;;
                              }
                            } // End of Armature_mixamorig_LeftHandMiddle4_end
                          } // End of Armature_mixamorig_LeftHandMiddle4
                        } // End of Armature_mixamorig_LeftHandMiddle3
                      } // End of Armature_mixamorig_LeftHandMiddle2
                    } // End of Armature_mixamorig_LeftHandMiddle1
                    Frame Armature_mixamorig_LeftHandPinky1 {
                      FrameTransformMatrix {
                         0.954567,-0.297996, 0.000414, 0.000000,
                         0.253974, 0.814277, 0.521968, 0.000000,
                        -0.155882,-0.498148, 0.852965, 0.000000,
                         3.634726,10.279562, 0.214941, 1.000000;;
                      }
                      Frame Armature_mixamorig_LeftHandPinky2 {
                        FrameTransformMatrix {
                           0.998517,-0.049873,-0.021834, 0.000000,
                           0.051368, 0.730173, 0.681329, 0.000000,
                          -0.018037,-0.681440, 0.731652, 0.000000,
                           0.001707, 3.272563, 0.000001, 1.000000;;
                        }
                        Frame Armature_mixamorig_LeftHandPinky3 {
                          FrameTransformMatrix {
                             0.998469,-0.052433,-0.017618, 0.000000,
                             0.051958, 0.779793, 0.623877, 0.000000,
                            -0.018973,-0.623837, 0.781324, 0.000000,
                            -0.001561, 2.574727,-0.000039, 1.000000;;
                          }
                          Frame Armature_mixamorig_LeftHandPinky4 {
                            FrameTransformMatrix {
                               1.000000,-0.000000, 0.000000, 0.000000,
                               0.000000, 1.000000,-0.000001, 0.000000,
                              -0.000000, 0.000001, 1.000000, 0.000000,
                              -0.000179, 2.249534, 0.000013, 1.000000;;
                            }
                            Frame Armature_mixamorig_LeftHandPinky4_end {
                              FrameTransformMatrix {
                                 1.000000, 0.000000,-0.000000, 0.000000,
                                -0.000000, 1.000000,-0.000000, 0.000000,
                                 0.000000, 0.000000, 1.000000, 0.000000,
                                -0.000013, 2.249507,-0.000009, 1.000000;;
                              }
                            } // End of Armature_mixamorig_LeftHandPinky4_end
                          } // End of Armature_mixamorig_LeftHandPinky4
                        } // End of Armature_mixamorig_LeftHandPinky3
                      } // End of Armature_mixamorig_LeftHandPinky2
                    } // End of Armature_mixamorig_LeftHandPinky1
                    Frame Armature_mixamorig_LeftHandRing1 {
                      FrameTransformMatrix {
                         0.982769,-0.180712,-0.038844, 0.000000,
                         0.149573, 0.654034, 0.741530, 0.000000,
                        -0.108598,-0.734563, 0.669794, 0.000000,
                         1.511731,10.276345, 0.094558, 1.000000;;
                      }
                      Frame Armature_mixamorig_LeftHandRing2 {
                        FrameTransformMatrix {
                           0.997132,-0.070341,-0.027935, 0.000000,
                           0.069512, 0.705151, 0.705642, 0.000000,
                          -0.029937,-0.705560, 0.708018, 0.000000,
                          -0.000605, 3.979033,-0.000045, 1.000000;;
                        }
                        Frame Armature_mixamorig_LeftHandRing3 {
                          FrameTransformMatrix {
                             0.998564,-0.051799,-0.013711, 0.000000,
                             0.051421, 0.854429, 0.517017, 0.000000,
                            -0.015065,-0.516979, 0.855865, 0.000000,
                             0.000090, 3.715600, 0.000065, 1.000000;;
                          }
                          Frame Armature_mixamorig_LeftHandRing4 {
                            FrameTransformMatrix {
                               1.000000,-0.000000, 0.000000, 0.000000,
                              -0.000000, 1.000000,-0.000001, 0.000000,
                              -0.000000, 0.000001, 1.000000, 0.000000,
                               0.000507, 3.315390, 0.000004, 1.000000;;
                            }
                            Frame Armature_mixamorig_LeftHandRing4_end {
                              FrameTransformMatrix {
                                 1.000000, 0.000000,-0.000000, 0.000000,
                                -0.000000, 1.000000, 0.000000, 0.000000,
                                 0.000000,-0.000000, 1.000000, 0.000000,
                                -0.000012, 3.315388,-0.000007, 1.000000;;
                              }
                            } // End of Armature_mixamorig_LeftHandRing4_end
                          } // End of Armature_mixamorig_LeftHandRing4
                        } // End of Armature_mixamorig_LeftHandRing3
                      } // End of Armature_mixamorig_LeftHandRing2
                    } // End of Armature_mixamorig_LeftHandRing1
                    Frame Armature_mixamorig_LeftHandThumb1 {
                      FrameTransformMatrix {
                         0.711951, 0.689032,-0.135505, 0.000000,
                        -0.472078, 0.612473, 0.634050, 0.000000,
                         0.519873,-0.387443, 0.761327, 0.000000,
                        -3.268698, 2.020269, 1.309119, 1.000000;;
                      }
                      Frame Armature_mixamorig_LeftHandThumb2 {
                        FrameTransformMatrix {
                           0.932723,-0.359257, 0.031037, 0.000000,
                           0.358993, 0.933237, 0.013865, 0.000000,
                          -0.033946,-0.001790, 0.999422, 0.000000,
                          -0.446731, 3.216742,-0.000005, 1.000000;;
                        }
                        Frame Armature_mixamorig_LeftHandThumb3 {
                          FrameTransformMatrix {
                             0.359611,-0.931578, 0.053305, 0.000000,
                             0.933073, 0.359466,-0.012614, 0.000000,
                            -0.007411, 0.054274, 0.998498, 0.000000,
                             0.289024, 4.061801,-0.000008, 1.000000;;
                          }
                          Frame Armature_mixamorig_LeftHandThumb4 {
                            FrameTransformMatrix {
                               1.000000,-0.000000,-0.000000, 0.000000,
                               0.000000, 1.000000,-0.000001, 0.000000,
                               0.000000, 0.000001, 1.000001, 0.000000,
                               0.157693, 3.553970,-0.000025, 1.000000;;
                            }
                            Frame Armature_mixamorig_LeftHandThumb4_end {
                              FrameTransformMatrix {
                                 1.000000,-0.000000, 0.000000, 0.000000,
                                 0.000000, 1.000000,-0.000000, 0.000000,
                                -0.000000, 0.000000, 1.000000, 0.000000,
                                 0.000023, 3.557470, 0.000014, 1.000000;;
                              }
                            } // End of Armature_mixamorig_LeftHandThumb4_end
                          } // End of Armature_mixamorig_LeftHandThumb4
                        } // End of Armature_mixamorig_LeftHandThumb3
                      } // End of Armature_mixamorig_LeftHandThumb2
                    } // End of Armature_mixamorig_LeftHandThumb1
                  } // End of Armature_mixamorig_LeftHand
                } // End of Armature_mixamorig_LeftForeArm
              } // End of Armature_mixamorig_LeftArm
            } // End of Armature_mixamorig_LeftShoulder
            Frame Armature_mixamorig_Neck {
              FrameTransformMatrix {
                 0.993363,-0.111805, 0.027024, 0.000000,
                 0.112969, 0.992519,-0.046298, 0.000000,
                -0.021646, 0.049044, 0.998562, 0.000000,
                 0.000000,13.759715,-0.000000, 1.000000;;
              }
              Frame Armature_mixamorig_Head {
                FrameTransformMatrix {
                   0.997537, 0.069510, 0.009416, 0.000000,
                  -0.069653, 0.997446, 0.015835, 0.000000,
                  -0.008291,-0.016452, 0.999830, 0.000000,
                  -0.000000, 7.527317,-0.214816, 1.000000;;
                }
                Frame Armature_mixamorig_HeadTop_End {
                  FrameTransformMatrix {
                     1.000000,-0.000000, 0.000000, 0.000000,
                    -0.000000, 1.000000,-0.000000, 0.000000,
                    -0.000000, 0.000000, 1.000000, 0.000000,
                    -0.000000,26.017412,-0.742486, 1.000000;;
                  }
                  Frame Armature_mixamorig_HeadTop_End_end {
                    FrameTransformMatrix {
                       1.000000,-0.000000,-0.000000, 0.000000,
                      -0.000000, 1.000000,-0.000000, 0.000000,
                      -0.000000, 0.000000, 1.000000, 0.000000,
                       0.000001,26.027992, 0.000000, 1.000000;;
                    }
                  } // End of Armature_mixamorig_HeadTop_End_end
                } // End of Armature_mixamorig_HeadTop_End
              } // End of Armature_mixamorig_Head
            } // End of Armature_mixamorig_Neck
            Frame Armature_mixamorig_RightShoulder {
              FrameTransformMatrix {
                 0.830836, 0.095255, 0.548305, 0.000000,
                -0.539919,-0.100870, 0.835651, 0.000000,
                 0.134908,-0.990329,-0.032376, 0.000000,
                -5.180531,11.651816, 0.039940, 1.000000;;
              }
              Frame Armature_mixamorig_RightArm {
                FrameTransformMatrix {
                  -0.228125,-0.871489,-0.434127, 0.000000,
                   0.474097, 0.290023,-0.831335, 0.000000,
                   0.850406,-0.395467, 0.347009, 0.000000,
                   0.000001,10.993588, 0.000008, 1.000000;;
                }
                Frame Armature_mixamorig_RightForeArm {
                  FrameTransformMatrix {
                     0.772947,-0.629695, 0.077700, 0.000000,
                     0.633977, 0.761700,-0.133741, 0.000000,
                     0.025032, 0.152635, 0.987965, 0.000000,
                     0.000008,21.306311, 0.000000, 1.000000;;
                  }
                  Frame Armature_mixamorig_RightHand {
                    FrameTransformMatrix {
                       0.491725, 0.658672,-0.569524, 0.000000,
                      -0.799501, 0.600648, 0.004381, 0.000000,
                       0.344969, 0.453181, 0.821963, 0.000000,
                      -0.000002,24.291649,-0.000000, 1.000000;;
                    }
                    Frame Armature_mixamorig_RightHandIndex1 {
                      FrameTransformMatrix {
                         0.996067,-0.086642, 0.018520, 0.000000,
                         0.048564, 0.708746, 0.703791, 0.000000,
                        -0.074104,-0.700124, 0.710166, 0.000000,
                         3.876480,10.479932, 0.248497, 1.000000;;
                      }
                      Frame Armature_mixamorig_RightHandIndex2 {
                        FrameTransformMatrix {
                           0.997608, 0.059574, 0.035061, 0.000000,
                          -0.060319, 0.502504, 0.862468, 0.000000,
                           0.033762,-0.862520, 0.504896, 0.000000,
                           0.001559, 3.405092,-0.000035, 1.000000;;
                        }
                        Frame Armature_mixamorig_RightHandIndex3 {
                          FrameTransformMatrix {
                             0.997608, 0.059459, 0.035242, 0.000000,
                            -0.060093, 0.494214, 0.867261, 0.000000,
                             0.034150,-0.867305, 0.496605, 0.000000,
                            -0.000151, 3.328529,-0.000002, 1.000000;;
                          }
                          Frame Armature_mixamorig_RightHandIndex4 {
                            FrameTransformMatrix {
                               1.000000, 0.000000, 0.000000, 0.000000,
                               0.000000, 1.000000, 0.000000, 0.000000,
                               0.000000,-0.000000, 1.000000, 0.000000,
                              -0.001409, 2.857780,-0.000020, 1.000000;;
                            }
                            Frame Armature_mixamorig_RightHandIndex4_end {
                              FrameTransformMatrix {
                                 1.000000, 0.000000,-0.000000, 0.000000,
                                 0.000000, 1.000000,-0.000000, 0.000000,
                                -0.000000, 0.000000, 1.000000, 0.000000,
                                 0.000001, 2.857747,-0.000001, 1.000000;;
                              }
                            } // End of Armature_mixamorig_RightHandIndex4_end
                          } // End of Armature_mixamorig_RightHandIndex4
                        } // End of Armature_mixamorig_RightHandIndex3
                      } // End of Armature_mixamorig_RightHandIndex2
                    } // End of Armature_mixamorig_RightHandIndex1
                    Frame Armature_mixamorig_RightHandMiddle1 {
                      FrameTransformMatrix {
                         0.999817, 0.007787, 0.017464, 0.000000,
                        -0.018073, 0.683036, 0.730161, 0.000000,
                        -0.006242,-0.730343, 0.683052, 0.000000,
                         1.265792,10.731019,-0.044025, 1.000000;;
                      }
                      Frame Armature_mixamorig_RightHandMiddle2 {
                        FrameTransformMatrix {
                           0.997280, 0.060098, 0.042676, 0.000000,
                          -0.061444, 0.358027, 0.931688, 0.000000,
                           0.040713,-0.931775, 0.360745, 0.000000,
                           0.001802, 4.302087,-0.000000, 1.000000;;
                        }
                        Frame Armature_mixamorig_RightHandMiddle3 {
                          FrameTransformMatrix {
                             0.997281, 0.058334, 0.045024, 0.000000,
                            -0.060989, 0.310503, 0.948614, 0.000000,
                             0.041357,-0.948781, 0.313216, 0.000000,
                             0.000416, 4.040865,-0.000012, 1.000000;;
                          }
                          Frame Armature_mixamorig_RightHandMiddle4 {
                            FrameTransformMatrix {
                               1.000000,-0.000000,-0.000000, 0.000000,
                               0.000000, 1.000000, 0.000000, 0.000000,
                               0.000000,-0.000000, 1.000000, 0.000000,
                              -0.002201, 3.587912, 0.000015, 1.000000;;
                            }
                            Frame Armature_mixamorig_RightHandMiddle4_end {
                              FrameTransformMatrix {
                                 1.000000,-0.000000, 0.000000, 0.000000,
                                -0.000000, 1.000000, 0.000000, 0.000000,
                                -0.000000,-0.000000, 1.000000, 0.000000,
                                 0.000004, 3.587891,-0.000000, 1.000000;;
                              }
                            } // End of Armature_mixamorig_RightHandMiddle4_end
                          } // End of Armature_mixamorig_RightHandMiddle4
                        } // End of Armature_mixamorig_RightHandMiddle3
                      } // End of Armature_mixamorig_RightHandMiddle2
                    } // End of Armature_mixamorig_RightHandMiddle1
                    Frame Armature_mixamorig_RightHandPinky1 {
                      FrameTransformMatrix {
                         0.956428, 0.291969,-0.000302, 0.000000,
                        -0.261810, 0.858090, 0.441743, 0.000000,
                         0.129235,-0.422417, 0.897141, 0.000000,
                        -3.578582,10.364526, 0.239151, 1.000000;;
                      }
                      Frame Armature_mixamorig_RightHandPinky2 {
                        FrameTransformMatrix {
                           0.999121, 0.034549, 0.023752, 0.000000,
                          -0.037615, 0.488428, 0.871793, 0.000000,
                           0.018518,-0.871920, 0.489298, 0.000000,
                          -0.001979, 3.211717,-0.000007, 1.000000;;
                        }
                        Frame Armature_mixamorig_RightHandPinky3 {
                          FrameTransformMatrix {
                             0.999310, 0.035148, 0.012023, 0.000000,
                            -0.033673, 0.720392, 0.692749, 0.000000,
                             0.015688,-0.692676, 0.721079, 0.000000,
                             0.003134, 2.578197, 0.000021, 1.000000;;
                          }
                          Frame Armature_mixamorig_RightHandPinky4 {
                            FrameTransformMatrix {
                               1.000000, 0.000000,-0.000000, 0.000000,
                              -0.000000, 1.000000,-0.000001, 0.000000,
                               0.000000, 0.000001, 1.000000, 0.000000,
                              -0.001127, 2.342490,-0.000019, 1.000000;;
                            }
                            Frame Armature_mixamorig_RightHandPinky4_end {
                              FrameTransformMatrix {
                                 1.000000,-0.000000, 0.000000, 0.000000,
                                 0.000000, 1.000000, 0.000000, 0.000000,
                                -0.000000,-0.000000, 1.000000, 0.000000,
                                -0.000004, 2.342497, 0.000003, 1.000000;;
                              }
                            } // End of Armature_mixamorig_RightHandPinky4_end
                          } // End of Armature_mixamorig_RightHandPinky4
                        } // End of Armature_mixamorig_RightHandPinky3
                      } // End of Armature_mixamorig_RightHandPinky2
                    } // End of Armature_mixamorig_RightHandPinky1
                    Frame Armature_mixamorig_RightHandRing1 {
                      FrameTransformMatrix {
                         0.993058, 0.116945, 0.012677, 0.000000,
                        -0.093167, 0.716164, 0.691686, 0.000000,
                         0.071810,-0.688065, 0.722087, 0.000000,
                        -1.563636,10.580331, 0.239561, 1.000000;;
                      }
                      Frame Armature_mixamorig_RightHandRing2 {
                        FrameTransformMatrix {
                           0.997912, 0.051542, 0.038919, 0.000000,
                          -0.054324, 0.343920, 0.937426, 0.000000,
                           0.034932,-0.937583, 0.346002, 0.000000,
                          -0.000555, 3.718175,-0.000018, 1.000000;;
                        }
                        Frame Armature_mixamorig_RightHandRing3 {
                          FrameTransformMatrix {
                             0.997720, 0.055037, 0.039051, 0.000000,
                            -0.055917, 0.350263, 0.934981, 0.000000,
                             0.037780,-0.935033, 0.352542, 0.000000,
                            -0.000310, 3.643950,-0.000016, 1.000000;;
                          }
                          Frame Armature_mixamorig_RightHandRing4 {
                            FrameTransformMatrix {
                               1.000000,-0.000000, 0.000000, 0.000000,
                               0.000000, 1.000000, 0.000001, 0.000000,
                              -0.000000,-0.000001, 1.000001, 0.000000,
                               0.000879, 3.025723,-0.000001, 1.000000;;
                            }
                            Frame Armature_mixamorig_RightHandRing4_end {
                              FrameTransformMatrix {
                                 1.000000,-0.000000, 0.000000, 0.000000,
                                 0.000000, 1.000000, 0.000000, 0.000000,
                                 0.000000,-0.000000, 1.000000, 0.000000,
                                -0.000025, 3.025696,-0.000001, 1.000000;;
                              }
                            } // End of Armature_mixamorig_RightHandRing4_end
                          } // End of Armature_mixamorig_RightHandRing4
                        } // End of Armature_mixamorig_RightHandRing3
                      } // End of Armature_mixamorig_RightHandRing2
                    } // End of Armature_mixamorig_RightHandRing1
                    Frame Armature_mixamorig_RightHandThumb1 {
                      FrameTransformMatrix {
                         0.577491,-0.767739, 0.277634, 0.000000,
                         0.376646, 0.552265, 0.743735, 0.000000,
                        -0.724322,-0.324931, 0.608094, 0.000000,
                         3.351181, 2.208750, 1.381231, 1.000000;;
                      }
                      Frame Armature_mixamorig_RightHandThumb2 {
                        FrameTransformMatrix {
                           0.826908, 0.536450,-0.168658, 0.000000,
                          -0.554135, 0.828374,-0.082044, 0.000000,
                           0.095700, 0.161302, 0.982254, 0.000000,
                           0.503316, 3.358171,-0.000005, 1.000000;;
                        }
                        Frame Armature_mixamorig_RightHandThumb3 {
                          FrameTransformMatrix {
                             0.736716, 0.622932,-0.263069, 0.000000,
                            -0.669233, 0.615974,-0.415576, 0.000000,
                            -0.096832, 0.482216, 0.870685, 0.000000,
                            -0.013926, 3.929730, 0.000013, 1.000000;;
                          }
                          Frame Armature_mixamorig_RightHandThumb4 {
                            FrameTransformMatrix {
                               1.000000, 0.000000, 0.000000, 0.000000,
                              -0.000000, 1.000000,-0.000000, 0.000000,
                               0.000000, 0.000000, 1.000000, 0.000000,
                              -0.489387, 3.302340, 0.000040, 1.000000;;
                            }
                            Frame Armature_mixamorig_RightHandThumb4_end {
                              FrameTransformMatrix {
                                 1.000000, 0.000001,-0.000001, 0.000000,
                                -0.000001, 1.000000,-0.000000, 0.000000,
                                 0.000001, 0.000000, 1.000000, 0.000000,
                                 0.000021, 3.338406, 0.000001, 1.000000;;
                              }
                            } // End of Armature_mixamorig_RightHandThumb4_end
                          } // End of Armature_mixamorig_RightHandThumb4
                        } // End of Armature_mixamorig_RightHandThumb3
                      } // End of Armature_mixamorig_RightHandThumb2
                    } // End of Armature_mixamorig_RightHandThumb1
                  } // End of Armature_mixamorig_RightHand
                } // End of Armature_mixamorig_RightForeArm
              } // End of Armature_mixamorig_RightArm
            } // End of Armature_mixamorig_RightShoulder
          } // End of Armature_mixamorig_Spine2
        } // End of Armature_mixamorig_Spine1
      } // End of Armature_mixamorig_Spine
    } // End of Armature_mixamorig_Hips
    Frame Adventurer_Body {
      FrameTransformMatrix {
        100.000000, 0.000001,-0.000001, 0.000000,
         0.000003,-0.000028,-100.000000, 0.000000,
         0.000000,100.000000,-0.000028, 0.000000,
        -0.000002,-0.000004,-0.000001, 1.000000;;
      }
    } // End of Adventurer_Body
    Frame Adventurer_Feet {
      FrameTransformMatrix {
        100.000000, 0.000002,-0.000001, 0.000000,
         0.000000,-0.000028,-99.999977, 0.000000,
         0.000002,100.000000,-0.000028, 0.000000,
        -0.000002,-0.000004,-0.000001, 1.000000;;
      }
    } // End of Adventurer_Feet
    Frame Adventurer_Head {
      FrameTransformMatrix {
        100.000000, 0.000001,-0.000001, 0.000000,
         0.000003,-0.000028,-100.000000, 0.000000,
         0.000000,100.000000,-0.000028, 0.000000,
        -0.000001,-0.000028,-0.000002, 1.000000;;
      }
    } // End of Adventurer_Head
    Frame Adventurer_Legs {
      FrameTransformMatrix {
        100.000000, 0.000002,-0.000001, 0.000000,
         0.000000,-0.000028,-99.999977, 0.000000,
         0.000002,100.000000,-0.000028, 0.000000,
        -0.000002,-0.000004,-0.000001, 1.000000;;
      }
    } // End of Adventurer_Legs
    Frame Backpack {
      FrameTransformMatrix {
        -26.076889, 0.000000,-0.000010, 0.000000,
        -0.000011, 0.000008,26.076881, 0.000000,
        -0.000000,26.076889,-0.000008, 0.000000,
        -0.000001,137.266479,-11.664414, 1.000000;;
      }
    } // End of Backpack
  } // End of Armature
} // End of Root
AnimationSet Global {
  Animation {
    {Adventurer_Body}
    AnimationKey { // Rotation
      0;
      70;
      0;4;-0.707107,-0.707107,-0.000000, 0.000000;;,
      1;4;-0.707107,-0.707107,-0.000000, 0.000000;;,
      2;4;-0.707107,-0.707107,-0.000000, 0.000000;;,
      3;4;-0.707107,-0.707107,-0.000000, 0.000000;;,
      4;4;-0.707107,-0.707107,-0.000000, 0.000000;;,
      5;4;-0.707107,-0.707107,-0.000000, 0.000000;;,
      6;4;-0.707107,-0.707107,-0.000000, 0.000000;;,
      7;4;-0.707107,-0.707107,-0.000000, 0.000000;;,
      8;4;-0.707107,-0.707107,-0.000000, 0.000000;;,
      9;4;-0.707107,-0.707107,-0.000000, 0.000000;;,
      10;4;-0.707107,-0.707107,-0.000000, 0.000000;;,
      11;4;-0.707107,-0.707107,-0.000000, 0.000000;;,
      12;4;-0.707107,-0.707107,-0.000000, 0.000000;;,
      13;4;-0.707107,-0.707107,-0.000000, 0.000000;;,
      14;4;-0.707107,-0.707107,-0.000000, 0.000000;;,
      15;4;-0.707107,-0.707107,-0.000000, 0.000000;;,
      16;4;-0.707107,-0.707107,-0.000000, 0.000000;;,
      17;4;-0.707107,-0.707107,-0.000000, 0.000000;;,
      18;4;-0.707107,-0.707107,-0.000000, 0.000000;;,
      19;4;-0.707107,-0.707107,-0.000000, 0.000000;;,
      20;4;-0.707107,-0.707107,-0.000000, 0.000000;;,
      21;4;-0.707107,-0.707107,-0.000000, 0.000000;;,
      22;4;-0.707107,-0.707107,-0.000000, 0.000000;;,
      23;4;-0.707107,-0.707107,-0.000000, 0.000000;;,
      24;4;-0.707107,-0.707107,-0.000000, 0.000000;;,
      25;4;-0.707107,-0.707107,-0.000000, 0.000000;;,
      26;4;-0.707107,-0.707107,-0.000000, 0.000000;;,
      27;4;-0.707107,-0.707107,-0.000000, 0.000000;;,
      28;4;-0.707107,-0.707107,-0.000000, 0.000000;;,
      29;4;-0.707107,-0.707107,-0.000000, 0.000000;;,
      30;4;-0.707107,-0.707107,-0.000000, 0.000000;;,
      31;4;-0.707107,-0.707107,-0.000000, 0.000000;;,
      32;4;-0.707107,-0.707107,-0.000000, 0.000000;;,
      33;4;-0.707107,-0.707107,-0.000000, 0.000000;;,
      34;4;-0.707107,-0.707107,-0.000000, 0.000000;;,
      35;4;-0.707107,-0.707107,-0.000000, 0.000000;;,
      36;4;-0.707107,-0.707107,-0.000000, 0.000000;;,
      37;4;-0.707107,-0.707107,-0.000000, 0.000000;;,
      38;4;-0.707107,-0.707107,-0.000000, 0.000000;;,
