xof 0303txt 0032

template XSkinMeshHeader {
  <3cf169ce-ff7c-44ab-93c0-f78f62d172e2>
  WORD nMaxSkinWeightsPerVertex;
  WORD nMaxSkinWeightsPerFace;
  WORD nBones;
}

template SkinWeights {
  <6f0d123b-bad2-4167-a0d0-80224f25fabb>
  STRING transformNodeName;
  DWORD nWeights;
  array DWORD vertexIndices[nWeights];
  array float weights[nWeights];
  Matrix4x4 matrixOffset;
}

Frame Root {
  FrameTransformMatrix {
     1.000000, 0.000000, 0.000000, 0.000000,
     0.000000,-0.000000,-1.000000, 0.000000,
     0.000000, 1.000000,-0.000000, 0.000000,
     0.000000, 0.000000, 0.000000, 1.000000;;
  }
  Frame Armature {
    FrameTransformMatrix {
       0.100000, 0.000000, 0.000000, 0.000000,
       0.000000,-0.000000, 0.100000, 0.000000,
       0.000000,-0.100000,-0.000000, 0.000000,
       0.000000, 0.000000, 0.000000, 1.000000;;
    }
    Frame Armature_mixamorig_Hips {
      FrameTransformMatrix {
        -0.422043,-0.100448,-0.900994, 0.000000,
         0.267860, 0.935656,-0.229782, 0.000000,
         0.866101,-0.338318,-0.367981, 0.000000,
         2.544596,59.682827, 2.703606, 1.000000;;
      }
      Frame Armature_mixamorig_LeftUpLeg {
        FrameTransformMatrix {
          -0.548449,-0.245986, 0.799178, 0.000000,
           0.800490, 0.121763, 0.586840, 0.000000,
          -0.241662, 0.961595, 0.130129, 0.000000,
           7.707783,-5.105725, 0.126762, 1.000000;;
        }
        Frame Armature_mixamorig_LeftLeg {
          FrameTransformMatrix {
             0.978437,-0.201584,-0.044993, 0.000000,
             0.143315, 0.819469,-0.554916, 0.000000,
             0.148732, 0.536502, 0.830689, 0.000000,
            -0.000002,45.952503, 0.000005, 1.000000;;
          }
          Frame Armature_mixamorig_LeftFoot {
            FrameTransformMatrix {
               0.939420,-0.324526, 0.110326, 0.000000,
               0.282517, 0.915351, 0.286907, 0.000000,
              -0.194095,-0.238358, 0.951584, 0.000000,
              -0.000004,44.565865,-0.000008, 1.000000;;
            }
            Frame Armature_mixamorig_LeftToeBase {
              FrameTransformMatrix {
                 0.962115,-0.031121, 0.270860, 0.000000,
                -0.153395, 0.759521, 0.632138, 0.000000,
                -0.225397,-0.649738, 0.725973, 0.000000,
                -0.000005,18.311062, 0.000003, 1.000000;;
              }
              Frame Armature_mixamorig_LeftToe_End {
                FrameTransformMatrix {
                   1.000000,-0.000000, 0.000000, 0.000000,
                  -0.000000, 1.000000,-0.000000, 0.000000,
                  -0.000000, 0.000000, 1.000000, 0.000000,
                  -0.000002, 6.608825,-0.000001, 1.000000;;
                }
                Frame Armature_mixamorig_LeftToe_End_end {
                  FrameTransformMatrix {
                     1.000000,-0.000000,-0.000000, 0.000000,
                     0.000000, 1.000000,-0.000000, 0.000000,
                     0.000000, 0.000000, 1.000000, 0.000000,
                    -0.000000, 6.608828,-0.000000, 1.000000;;
                  }
                } // End of Armature_mixamorig_LeftToe_End_end
              } // End of Armature_mixamorig_LeftToe_End
            } // End of Armature_mixamorig_LeftToeBase
          } // End of Armature_mixamorig_LeftFoot
        } // End of Armature_mixamorig_LeftLeg
      } // End of Armature_mixamorig_LeftUpLeg
      Frame Armature_mixamorig_RightUpLeg {
        FrameTransformMatrix {
          -0.840061,-0.355996,-0.409279, 0.000000,
          -0.455598, 0.053612, 0.888563, 0.000000,
          -0.294368, 0.932949,-0.207234, 0.000000,
          -7.707786,-5.105728, 0.340400, 1.000000;;
        }
        Frame Armature_mixamorig_RightLeg {
          FrameTransformMatrix {
             0.975424, 0.217196, 0.037056, 0.000000,
             0.159175,-0.578343,-0.800114, 0.000000,
            -0.152351, 0.786349,-0.598702, 0.000000,
             0.000000,45.947224,-0.000000, 1.000000;;
          }
          Frame Armature_mixamorig_RightFoot {
            FrameTransformMatrix {
               0.900469, 0.129341,-0.415242, 0.000000,
               0.366222, 0.289509, 0.884345, 0.000000,
               0.234598,-0.948396, 0.213327, 0.000000,
              -0.000002,44.572094,-0.000002, 1.000000;;
            }
            Frame Armature_mixamorig_RightToeBase {
              FrameTransformMatrix {
                 0.956934, 0.141409,-0.253537, 0.000000,
                 0.169055, 0.438543, 0.882666, 0.000000,
                 0.236004,-0.887515, 0.395751, 0.000000,
                -0.000000,18.116943, 0.000005, 1.000000;;
              }
              Frame Armature_mixamorig_RightToe_End {
                FrameTransformMatrix {
                   1.000000,-0.000000,-0.000008, 0.000000,
                   0.000000, 1.000001, 0.000000, 0.000000,
                   0.000008,-0.000000, 1.000001, 0.000000,
                   0.000003, 6.707273, 0.000001, 1.000000;;
                }
                Frame Armature_mixamorig_RightToe_End_end {
                  FrameTransformMatrix {
                     1.000000, 0.000000, 0.000000, 0.000000,
                    -0.000000, 1.000000,-0.000000, 0.000000,
                    -0.000000, 0.000000, 1.000000, 0.000000,
                    -0.000002, 6.707254,-0.000000, 1.000000;;
                  }
                } // End of Armature_mixamorig_RightToe_End_end
              } // End of Armature_mixamorig_RightToe_End
            } // End of Armature_mixamorig_RightToeBase
          } // End of Armature_mixamorig_RightFoot
        } // End of Armature_mixamorig_RightLeg
      } // End of Armature_mixamorig_RightUpLeg
      Frame Armature_mixamorig_Spine {
        FrameTransformMatrix {
           0.995803, 0.006442,-0.091297, 0.000000,
           0.048473, 0.809007, 0.585797, 0.000000,
           0.077634,-0.587764, 0.805299, 0.000000,
          -0.000001, 9.170837, 0.205818, 1.000000;;
        }
        Frame Armature_mixamorig_Spine1 {
          FrameTransformMatrix {
             0.999680,-0.012161, 0.022158, 0.000000,
             0.003282, 0.931685, 0.363253, 0.000000,
            -0.025062,-0.363064, 0.931427, 0.000000,
            -0.000001,10.701991,-0.000003, 1.000000;;
          }
          Frame Armature_mixamorig_Spine2 {
            FrameTransformMatrix {
               0.986112,-0.048558,-0.158823, 0.000000,
               0.040485, 0.997737,-0.053677, 0.000000,
               0.161070, 0.046502, 0.985847, 0.000000,
               0.000002,12.230865,-0.000002, 1.000000;;
            }
            Frame Armature_mixamorig_LeftShoulder {
              FrameTransformMatrix {
                -0.308997,-0.077864,-0.947870, 0.000000,
                 0.908696,-0.318322,-0.270078, 0.000000,
                -0.280699,-0.944779, 0.169115, 0.000000,
                 5.180538,11.652148, 0.054667, 1.000000;;
              }
              Frame Armature_mixamorig_LeftArm {
                FrameTransformMatrix {
                   0.572102, 0.671873, 0.470410, 0.000000,
                  -0.773706, 0.251770, 0.581369, 0.000000,
                   0.272171,-0.696562, 0.663871, 0.000000,
                   0.000002,10.993589,-0.000003, 1.000000;;
                }
                Frame Armature_mixamorig_LeftForeArm {
                  FrameTransformMatrix {
                     0.265204, 0.953112,-0.145757, 0.000000,
                    -0.963503, 0.256255,-0.077422, 0.000000,
                    -0.036441, 0.160970, 0.986286, 0.000000,
                    -0.000002,21.306486, 0.000002, 1.000000;;
                  }
                  Frame Armature_mixamorig_LeftHand {
                    FrameTransformMatrix {
                       0.770073,-0.127458,-0.625093, 0.000000,
                       0.370955, 0.886624, 0.276207, 0.000000,
                       0.519018,-0.444582, 0.730046, 0.000000,
                       0.000001,24.281301,-0.000002, 1.000000;;
                    }
                    Frame Armature_mixamorig_LeftHandIndex1 {
                      FrameTransformMatrix {
                         0.931905, 0.357718, 0.059927, 0.000000,
                        -0.346148, 0.827799, 0.441508, 0.000000,
                         0.108328,-0.432187, 0.895253, 0.000000,
                        -4.000839,10.644627, 0.188391, 1.000000;;
                      }
                      Frame Armature_mixamorig_LeftHandIndex2 {
                        FrameTransformMatrix {
                           0.998283,-0.055999,-0.017152, 0.000000,
                           0.055923, 0.824437, 0.563184, 0.000000,
                          -0.017397,-0.563176, 0.826154, 0.000000,
                          -0.000055, 3.442452,-0.000019, 1.000000;;
                        }
                        Frame Armature_mixamorig_LeftHandIndex3 {
                          FrameTransformMatrix {
                             0.999421,-0.033455,-0.006217, 0.000000,
                             0.033512, 0.936028, 0.350327, 0.000000,
                            -0.005901,-0.350332, 0.936607, 0.000000,
                            -0.000147, 3.228659, 0.000009, 1.000000;;
                          }
                          Frame Armature_mixamorig_LeftHandIndex4 {
                            FrameTransformMatrix {
                               1.000000, 0.000000,-0.000000, 0.000000,
                               0.000000, 1.000001, 0.000000, 0.000000,
                               0.000000, 0.000000, 1.000000, 0.000000,
                               0.000206, 2.712048,-0.000011, 1.000000;;
                            }
                            Frame Armature_mixamorig_LeftHandIndex4_end {
                              FrameTransformMatrix {
                                 1.000000, 0.000000, 0.000000, 0.000000,
                                 0.000000, 1.000000,-0.000000, 0.000000,
                                 0.000000, 0.000000, 1.000000, 0.000000,
                                 0.000002, 2.712035,-0.000001, 1.000000;;
                              }
                            } // End of Armature_mixamorig_LeftHandIndex4_end
                          } // End of Armature_mixamorig_LeftHandIndex4
                        } // End of Armature_mixamorig_LeftHandIndex3
                      } // End of Armature_mixamorig_LeftHandIndex2
                    } // End of Armature_mixamorig_LeftHandIndex1
                    Frame Armature_mixamorig_LeftHandMiddle1 {
                      FrameTransformMatrix {
                         0.987759, 0.132458, 0.082385, 0.000000,
                        -0.155985, 0.842606, 0.515446, 0.000000,
                        -0.001143,-0.521987, 0.852953, 0.000000,
                        -1.145584,10.269861, 0.098163, 1.000000;;
                      }
                      Frame Armature_mixamorig_LeftHandMiddle2 {
                        FrameTransformMatrix {
                           0.994961,-0.080553,-0.059690, 0.000000,
                           0.085469, 0.370266, 0.924985, 0.000000,
                          -0.052409,-0.925427, 0.375285, 0.000000,
                          -0.001416, 4.567461,-0.000008, 1.000000;;
                        }
                        Frame Armature_mixamorig_LeftHandMiddle3 {
                          FrameTransformMatrix {
                             0.996862,-0.072937,-0.030767, 0.000000,
                             0.072143, 0.677061, 0.732383, 0.000000,
                            -0.032587,-0.732304, 0.680198, 0.000000,
                             0.001011, 4.214493,-0.000021, 1.000000;;
                          }
                          Frame Armature_mixamorig_LeftHandMiddle4 {
                            FrameTransformMatrix {
                               1.000000,-0.000000, 0.000000, 0.000000,
                               0.000000, 1.000000, 0.000001, 0.000000,
                              -0.000000,-0.000001, 1.000000, 0.000000,
                               0.000403, 3.872935,-0.000022, 1.000000;;
                            }
                            Frame Armature_mixamorig_LeftHandMiddle4_end {
                              FrameTransformMatrix {
                                 1.000000,-0.000000,-0.000000, 0.000000,
                                 0.000000, 1.000000, 0.000000, 0.000000,
                                 0.000000,-0.000000, 1.000000, 0.000000,
                                 0.000000, 3.872906,-0.000001, 1.000000;;
                              }
                            } // End of Armature_mixamorig_LeftHandMiddle4_end
                          } // End of Armature_mixamorig_LeftHandMiddle4
                        } // End of Armature_mixamorig_LeftHandMiddle3
                      } // End of Armature_mixamorig_LeftHandMiddle2
                    } // End of Armature_mixamorig_LeftHandMiddle1
                    Frame Armature_mixamorig_LeftHandPinky1 {
                      FrameTransformMatrix {
                         0.943490,-0.330396,-0.025794, 0.000000,
                         0.245206, 0.643617, 0.725004, 0.000000,
                        -0.222937,-0.690359, 0.688261, 0.000000,
                         3.634706,10.279566, 0.214947, 1.000000;;
                      }
                      Frame Armature_mixamorig_LeftHandPinky2 {
                        FrameTransformMatrix {
                           0.997609,-0.060260,-0.033847, 0.000000,
                           0.062627, 0.580959, 0.811520, 0.000000,
                          -0.029238,-0.811699, 0.583344, 0.000000,
                           0.001714, 3.272560,-0.000001, 1.000000;;
                        }
                        Frame Armature_mixamorig_LeftHandPinky3 {
                          FrameTransformMatrix {
                             0.999134,-0.040465,-0.009671, 0.000000,
                             0.040200, 0.879080, 0.474975, 0.000000,
                            -0.010718,-0.474953, 0.879946, 0.000000,
                            -0.001556, 2.574735,-0.000039, 1.000000;;
                          }
                          Frame Armature_mixamorig_LeftHandPinky4 {
                            FrameTransformMatrix {
                               1.000000,-0.000000, 0.000000, 0.000000,
                               0.000000, 1.000000,-0.000001, 0.000000,
                              -0.000000, 0.000001, 1.000000, 0.000000,
                              -0.000169, 2.249540, 0.000023, 1.000000;;
                            }
                            Frame Armature_mixamorig_LeftHandPinky4_end {
                              FrameTransformMatrix {
                                 1.000000, 0.000000,-0.000000, 0.000000,
                                -0.000000, 1.000000,-0.000000, 0.000000,
                                 0.000000, 0.000000, 1.000000, 0.000000,
                                 0.000002, 2.249509, 0.000000, 1.000000;;
                              }
                            } // End of Armature_mixamorig_LeftHandPinky4_end
                          } // End of Armature_mixamorig_LeftHandPinky4
                        } // End of Armature_mixamorig_LeftHandPinky3
                      } // End of Armature_mixamorig_LeftHandPinky2
                    } // End of Armature_mixamorig_LeftHandPinky1
                    Frame Armature_mixamorig_LeftHandRing1 {
                      FrameTransformMatrix {
                         0.994944,-0.069831, 0.072174, 0.000000,
                        -0.001117, 0.710939, 0.703253, 0.000000,
                        -0.100421,-0.699778, 0.707267, 0.000000,
                         1.511711,10.276361, 0.094568, 1.000000;;
                      }
                      Frame Armature_mixamorig_LeftHandRing2 {
                        FrameTransformMatrix {
                           0.994427,-0.089562,-0.055607, 0.000000,
                           0.087934, 0.413746, 0.906135, 0.000000,
                          -0.058148,-0.905976, 0.419316, 0.000000,
                          -0.000589, 3.979023,-0.000035, 1.000000;;
                        }
                        Frame Armature_mixamorig_LeftHandRing3 {
                          FrameTransformMatrix {
                             0.992410,-0.096024,-0.076827, 0.000000,
                             0.093976, 0.189226, 0.977426, 0.000000,
                            -0.079319,-0.977227, 0.196814, 0.000000,
                             0.000089, 3.715594, 0.000040, 1.000000;;
                          }
                          Frame Armature_mixamorig_LeftHandRing4 {
                            FrameTransformMatrix {
                               1.000000, 0.000000, 0.000000, 0.000000,
                              -0.000000, 1.000000,-0.000001, 0.000000,
                              -0.000000, 0.000001, 1.000000, 0.000000,
                               0.000500, 3.315383,-0.000000, 1.000000;;
                            }
                            Frame Armature_mixamorig_LeftHandRing4_end {
                              FrameTransformMatrix {
                                 1.000000, 0.000000,-0.000000, 0.000000,
                                -0.000000, 1.000000, 0.000000, 0.000000,
                                 0.000000,-0.000000, 1.000000, 0.000000,
                                 0.000000, 3.315387,-0.000003, 1.000000;;
                              }
                            } // End of Armature_mixamorig_LeftHandRing4_end
                          } // End of Armature_mixamorig_LeftHandRing4
                        } // End of Armature_mixamorig_LeftHandRing3
                      } // End of Armature_mixamorig_LeftHandRing2
                    } // End of Armature_mixamorig_LeftHandRing1
                    Frame Armature_mixamorig_LeftHandThumb1 {
                      FrameTransformMatrix {
                         0.279504, 0.859096,-0.428755, 0.000000,
                        -0.728009, 0.480772, 0.488735, 0.000000,
                         0.626004, 0.175534, 0.759807, 0.000000,
                        -3.268710, 2.020278, 1.309130, 1.000000;;
                      }
                      Frame Armature_mixamorig_LeftHandThumb2 {
                        FrameTransformMatrix {
                           0.936645,-0.349541,-0.022741, 0.000000,
                           0.326539, 0.894815,-0.304432, 0.000000,
                           0.126760, 0.277719, 0.952263, 0.000000,
                          -0.446729, 3.216744,-0.000011, 1.000000;;
                        }
                        Frame Armature_mixamorig_LeftHandThumb3 {
                          FrameTransformMatrix {
                             0.247720,-0.967027, 0.059100, 0.000000,
                             0.959687, 0.253287, 0.121843, 0.000000,
                            -0.132795, 0.026534, 0.990788, 0.000000,
                             0.289021, 4.061807,-0.000020, 1.000000;;
                          }
                          Frame Armature_mixamorig_LeftHandThumb4 {
                            FrameTransformMatrix {
                               1.000000, 0.000000,-0.000000, 0.000000,
                               0.000000, 1.000000,-0.000001, 0.000000,
                               0.000000, 0.000001, 1.000001, 0.000000,
                               0.157698, 3.553969,-0.000030, 1.000000;;
                            }
                            Frame Armature_mixamorig_LeftHandThumb4_end {
                              FrameTransformMatrix {
                                 1.000000,-0.000000,-0.000000, 0.000000,
                                 0.000000, 1.000000,-0.000000, 0.000000,
                                 0.000000, 0.000000, 1.000000, 0.000000,
                                 0.000001, 3.557467, 0.000005, 1.000000;;
                              }
                            } // End of Armature_mixamorig_LeftHandThumb4_end
                          } // End of Armature_mixamorig_LeftHandThumb4
                        } // End of Armature_mixamorig_LeftHandThumb3
                      } // End of Armature_mixamorig_LeftHandThumb2
                    } // End of Armature_mixamorig_LeftHandThumb1
                  } // End of Armature_mixamorig_LeftHand
                } // End of Armature_mixamorig_LeftForeArm
              } // End of Armature_mixamorig_LeftArm
            } // End of Armature_mixamorig_LeftShoulder
            Frame Armature_mixamorig_Neck {
              FrameTransformMatrix {
                 0.916307,-0.216982,-0.336600, 0.000000,
                 0.089616, 0.930282,-0.355730, 0.000000,
                 0.390320, 0.295794, 0.871869, 0.000000,
                 0.000001,13.759720,-0.000001, 1.000000;;
              }
              Frame Armature_mixamorig_Head {
                FrameTransformMatrix {
                   0.959976,-0.113921,-0.255868, 0.000000,
                   0.052728, 0.970716,-0.234371, 0.000000,
                   0.275075, 0.211499, 0.937871, 0.000000,
                  -0.000002, 7.527303,-0.214815, 1.000000;;
                }
                Frame Armature_mixamorig_HeadTop_End {
                  FrameTransformMatrix {
                     1.000000,-0.000000, 0.000000, 0.000000,
                     0.000000, 1.000000, 0.000000, 0.000000,
                    -0.000000, 0.000000, 1.000000, 0.000000,
                     0.000013,26.017401,-0.742490, 1.000000;;
                  }
                  Frame Armature_mixamorig_HeadTop_End_end {
                    FrameTransformMatrix {
                       1.000000,-0.000000, 0.000000, 0.000000,
                      -0.000000, 1.000000, 0.000000, 0.000000,
                       0.000000, 0.000000, 1.000000, 0.000000,
                      -0.000007,26.028004, 0.000006, 1.000000;;
                    }
                  } // End of Armature_mixamorig_HeadTop_End_end
                } // End of Armature_mixamorig_HeadTop_End
              } // End of Armature_mixamorig_Head
            } // End of Armature_mixamorig_Neck
            Frame Armature_mixamorig_RightShoulder {
              FrameTransformMatrix {
                -0.027191, 0.163583, 0.986155, 0.000000,
                -0.870781,-0.488357, 0.056999, 0.000000,
                 0.490919,-0.857175, 0.155724, 0.000000,
                -5.180527,11.651821, 0.039940, 1.000000;;
              }
              Frame Armature_mixamorig_RightArm {
                FrameTransformMatrix {
                   0.922633,-0.352029, 0.157556, 0.000000,
                   0.277806, 0.889964, 0.361646, 0.000000,
                  -0.267529,-0.289896, 0.918906, 0.000000,
                  -0.000003,10.993592,-0.000006, 1.000000;;
                }
                Frame Armature_mixamorig_RightForeArm {
                  FrameTransformMatrix {
                    -0.293162,-0.941496, 0.166260, 0.000000,
                     0.954871,-0.297016, 0.001759, 0.000000,
                     0.047726, 0.159272, 0.986080, 0.000000,
                    -0.000003,21.306301,-0.000004, 1.000000;;
                  }
                  Frame Armature_mixamorig_RightHand {
                    FrameTransformMatrix {
                       0.880520, 0.296707, 0.369661, 0.000000,
                      -0.184725, 0.932997,-0.308857, 0.000000,
                      -0.436533, 0.203669, 0.876332, 0.000000,
                      -0.000003,24.291656, 0.000003, 1.000000;;
                    }
                    Frame Armature_mixamorig_RightHandIndex1 {
                      FrameTransformMatrix {
                         0.865986,-0.499296,-0.027791, 0.000000,
                         0.470211, 0.794105, 0.385096, 0.000000,
                        -0.170208,-0.346555, 0.922458, 0.000000,
                         3.876459,10.479933, 0.248502, 1.000000;;
                      }
                      Frame Armature_mixamorig_RightHandIndex2 {
                        FrameTransformMatrix {
                           0.999119, 0.039804, 0.013310, 0.000000,
                          -0.040083, 0.810911, 0.583795, 0.000000,
                           0.012445,-0.583814, 0.811792, 0.000000,
                           0.001573, 3.405112,-0.000014, 1.000000;;
                        }
                        Frame Armature_mixamorig_RightHandIndex3 {
                          FrameTransformMatrix {
                             0.997408, 0.061031, 0.038107, 0.000000,
                            -0.061717, 0.453452, 0.889142, 0.000000,
                             0.036985,-0.889189, 0.456043, 0.000000,
                            -0.000144, 3.328529,-0.000012, 1.000000;;
                          }
                          Frame Armature_mixamorig_RightHandIndex4 {
                            FrameTransformMatrix {
                               1.000000,-0.000000, 0.000000, 0.000000,
                               0.000000, 1.000000,-0.000000, 0.000000,
                              -0.000000, 0.000000, 1.000000, 0.000000,
                              -0.001414, 2.857781,-0.000013, 1.000000;;
                            }
                            Frame Armature_mixamorig_RightHandIndex4_end {
                              FrameTransformMatrix {
                                 1.000000, 0.000000,-0.000000, 0.000000,
                                -0.000000, 1.000000,-0.000000, 0.000000,
                                -0.000000, 0.000000, 1.000000, 0.000000,
                                -0.000003, 2.857753,-0.000000, 1.000000;;
                              }
                            } // End of Armature_mixamorig_RightHandIndex4_end
                          } // End of Armature_mixamorig_RightHandIndex4
                        } // End of Armature_mixamorig_RightHandIndex3
                      } // End of Armature_mixamorig_RightHandIndex2
                    } // End of Armature_mixamorig_RightHandIndex1
                    Frame Armature_mixamorig_RightHandMiddle1 {
                      FrameTransformMatrix {
                         0.974762,-0.184466,-0.125743, 0.000000,
                         0.223020, 0.779216, 0.585734, 0.000000,
                        -0.010067,-0.598994, 0.800690, 0.000000,
                         1.265764,10.731010,-0.044029, 1.000000;;
                      }
                      Frame Armature_mixamorig_RightHandMiddle2 {
                        FrameTransformMatrix {
                           0.998110, 0.053619, 0.030011, 0.000000,
                          -0.054560, 0.548679, 0.834251, 0.000000,
                           0.028265,-0.834312, 0.550567, 0.000000,
                           0.001798, 4.302090,-0.000004, 1.000000;;
                        }
                        Frame Armature_mixamorig_RightHandMiddle3 {
                          FrameTransformMatrix {
                             0.997214, 0.058676, 0.046063, 0.000000,
                            -0.061394, 0.294801, 0.953584, 0.000000,
                             0.042373,-0.953755, 0.297582, 0.000000,
                             0.000402, 4.040871, 0.000000, 1.000000;;
                          }
                          Frame Armature_mixamorig_RightHandMiddle4 {
                            FrameTransformMatrix {
                               1.000000, 0.000000,-0.000000, 0.000000,
                               0.000000, 1.000000, 0.000000, 0.000000,
                               0.000000,-0.000000, 1.000000, 0.000000,
                              -0.002195, 3.587905, 0.000022, 1.000000;;
                            }
                            Frame Armature_mixamorig_RightHandMiddle4_end {
                              FrameTransformMatrix {
                                 1.000000, 0.000000, 0.000000, 0.000000,
                                -0.000000, 1.000000, 0.000000, 0.000000,
                                 0.000000,-0.000000, 1.000000, 0.000000,
                                -0.000000, 3.587891, 0.000001, 1.000000;;
                              }
                            } // End of Armature_mixamorig_RightHandMiddle4_end
                          } // End of Armature_mixamorig_RightHandMiddle4
                        } // End of Armature_mixamorig_RightHandMiddle3
                      } // End of Armature_mixamorig_RightHandMiddle2
                    } // End of Armature_mixamorig_RightHandMiddle1
                    Frame Armature_mixamorig_RightHandPinky1 {
                      FrameTransformMatrix {
                         0.918628, 0.387241, 0.078529, 0.000000,
                        -0.351415, 0.709851, 0.610426, 0.000000,
                         0.180638,-0.588351, 0.788171, 0.000000,
                        -3.578585,10.364531, 0.239160, 1.000000;;
                      }
                      Frame Armature_mixamorig_RightHandPinky2 {
                        FrameTransformMatrix {
                           0.998730, 0.038149, 0.032917, 0.000000,
                          -0.042499, 0.286827, 0.957039, 0.000000,
                           0.027068,-0.957222, 0.288084, 0.000000,
                          -0.001979, 3.211699,-0.000012, 1.000000;;
                        }
                        Frame Armature_mixamorig_RightHandPinky3 {
                          FrameTransformMatrix {
                             0.998877, 0.042476, 0.020968, 0.000000,
                            -0.040009, 0.519554, 0.853500, 0.000000,
                             0.025359,-0.853381, 0.520671, 0.000000,
                             0.003115, 2.578185, 0.000010, 1.000000;;
                          }
                          Frame Armature_mixamorig_RightHandPinky4 {
                            FrameTransformMatrix {
                               1.000000, 0.000000,-0.000000, 0.000000,
                              -0.000000, 1.000000,-0.000001, 0.000000,
                               0.000000, 0.000001, 1.000000, 0.000000,
                              -0.001134, 2.342501,-0.000010, 1.000000;;
                            }
                            Frame Armature_mixamorig_RightHandPinky4_end {
                              FrameTransformMatrix {
                                 1.000000,-0.000000, 0.000000, 0.000000,
                                 0.000000, 1.000000, 0.000000, 0.000000,
                                -0.000000,-0.000000, 1.000000, 0.000000,
                                -0.000001, 2.342497, 0.000004, 1.000000;;
                              }
                            } // End of Armature_mixamorig_RightHandPinky4_end
                          } // End of Armature_mixamorig_RightHandPinky4
                        } // End of Armature_mixamorig_RightHandPinky3
                      } // End of Armature_mixamorig_RightHandPinky2
                    } // End of Armature_mixamorig_RightHandPinky1
                    Frame Armature_mixamorig_RightHandRing1 {
                      FrameTransformMatrix {
                         0.996754, 0.077143,-0.023042, 0.000000,
                        -0.042187, 0.744203, 0.666621, 0.000000,
                         0.068573,-0.663484, 0.745041, 0.000000,
                        -1.563652,10.580332, 0.239559, 1.000000;;
                      }
                      Frame Armature_mixamorig_RightHandRing2 {
                        FrameTransformMatrix {
                           0.997210, 0.054591, 0.050900, 0.000000,
                          -0.058265, 0.143137, 0.987986, 0.000000,
                           0.046649,-0.988196, 0.145918, 0.000000,
                          -0.000547, 3.718183,-0.000025, 1.000000;;
                        }
                        Frame Armature_mixamorig_RightHandRing3 {
                          FrameTransformMatrix {
                             0.998133, 0.051954, 0.032097, 0.000000,
                            -0.052675, 0.466517, 0.882942, 0.000000,
                             0.030898,-0.882985, 0.468383, 0.000000,
                            -0.000324, 3.643947,-0.000009, 1.000000;;
                          }
                          Frame Armature_mixamorig_RightHandRing4 {
                            FrameTransformMatrix {
                               1.000000,-0.000000,-0.000000, 0.000000,
                               0.000000, 1.000001, 0.000001, 0.000000,
                              -0.000000,-0.000001, 1.000000, 0.000000,
                               0.000868, 3.025710, 0.000000, 1.000000;;
                            }
                            Frame Armature_mixamorig_RightHandRing4_end {
                              FrameTransformMatrix {
                                 1.000000,-0.000000,-0.000000, 0.000000,
                                -0.000000, 1.000000,-0.000000, 0.000000,
                                 0.000000, 0.000000, 1.000000, 0.000000,
                                 0.000001, 3.025682, 0.000005, 1.000000;;
                              }
                            } // End of Armature_mixamorig_RightHandRing4_end
                          } // End of Armature_mixamorig_RightHandRing4
                        } // End of Armature_mixamorig_RightHandRing3
                      } // End of Armature_mixamorig_RightHandRing2
                    } // End of Armature_mixamorig_RightHandRing1
                    Frame Armature_mixamorig_RightHandThumb1 {
                      FrameTransformMatrix {
                         0.382559,-0.892158, 0.240214, 0.000000,
                         0.768132, 0.451593, 0.453912, 0.000000,
                        -0.513440, 0.010868, 0.858056, 0.000000,
                         3.351171, 2.208754, 1.381237, 1.000000;;
                      }
                      Frame Armature_mixamorig_RightHandThumb2 {
                        FrameTransformMatrix {
                           0.973280, 0.224994,-0.045877, 0.000000,
                          -0.229188, 0.939539,-0.254441, 0.000000,
                          -0.014145, 0.258157, 0.966000, 0.000000,
                           0.503316, 3.358172,-0.000017, 1.000000;;
                        }
                        Frame Armature_mixamorig_RightHandThumb3 {
                          FrameTransformMatrix {
                             0.855130, 0.454316,-0.249700, 0.000000,
                            -0.518407, 0.746943,-0.416330, 0.000000,
                            -0.002633, 0.485462, 0.874254, 0.000000,
                            -0.013931, 3.929757, 0.000004, 1.000000;;
                          }
                          Frame Armature_mixamorig_RightHandThumb4 {
                            FrameTransformMatrix {
                               0.999999, 0.000000,-0.000000, 0.000000,
                              -0.000000, 1.000000,-0.000000, 0.000000,
                              -0.000000, 0.000000, 1.000000, 0.000000,
                              -0.489388, 3.302330, 0.000035, 1.000000;;
                            }
                            Frame Armature_mixamorig_RightHandThumb4_end {
                              FrameTransformMatrix {
                                 1.000000, 0.000001,-0.000001, 0.000000,
                                -0.000001, 1.000000,-0.000000, 0.000000,
                                 0.000001, 0.000000, 1.000000, 0.000000,
                                -0.000003, 3.338408, 0.000002, 1.000000;;
                              }
                            } // End of Armature_mixamorig_RightHandThumb4_end
                          } // End of Armature_mixamorig_RightHandThumb4
                        } // End of Armature_mixamorig_RightHandThumb3
                      } // End of Armature_mixamorig_RightHandThumb2
                    } // End of Armature_mixamorig_RightHandThumb1
                  } // End of Armature_mixamorig_RightHand
                } // End of Armature_mixamorig_RightForeArm
              } // End of Armature_mixamorig_RightArm
            } // End of Armature_mixamorig_RightShoulder
          } // End of Armature_mixamorig_Spine2
        } // End of Armature_mixamorig_Spine1
      } // End of Armature_mixamorig_Spine
    } // End of Armature_mixamorig_Hips
    Frame Adventurer_Body {
      FrameTransformMatrix {
        100.000000, 0.000001,-0.000001, 0.000000,
         0.000003,-0.000028,-100.000000, 0.000000,
         0.000000,100.000000,-0.000028, 0.000000,
        -0.000002,-0.000004,-0.000001, 1.000000;;
      }
    } // End of Adventurer_Body
    Frame Adventurer_Feet {
      FrameTransformMatrix {
        100.000000, 0.000002,-0.000001, 0.000000,
         0.000000,-0.000028,-99.999977, 0.000000,
         0.000002,100.000000,-0.000028, 0.000000,
        -0.000002,-0.000004,-0.000001, 1.000000;;
      }
    } // End of Adventurer_Feet
    Frame Adventurer_Head {
      FrameTransformMatrix {
        100.000000, 0.000001,-0.000001, 0.000000,
         0.000003,-0.000028,-100.000000, 0.000000,
         0.000000,100.000000,-0.000028, 0.000000,
        -0.000001,-0.000028,-0.000002, 1.000000;;
      }
    } // End of Adventurer_Head
    Frame Adventurer_Legs {
      FrameTransformMatrix {
        100.000000, 0.000002,-0.000001, 0.000000,
         0.000000,-0.000028,-99.999977, 0.000000,
         0.000002,100.000000,-0.000028, 0.000000,
        -0.000002,-0.000004,-0.000001, 1.000000;;
      }
    } // End of Adventurer_Legs
    Frame Backpack {
      FrameTransformMatrix {
        -26.076889, 0.000000,-0.000010, 0.000000,
        -0.000011, 0.000008,26.076881, 0.000000,
        -0.000000,26.076889,-0.000008, 0.000000,
        -0.000001,137.266479,-11.664414, 1.000000;;
      }
    } // End of Backpack
  } // End of Armature
} // End of Root
AnimationSet Global {
  Animation {
    {Adventurer_Body}
    AnimationKey { // Rotation
      0;
      69;
      0;4;-0.707107,-0.707107,-0.000000, 0.000000;;,
      1;4;-0.707107,-0.707107,-0.000000, 0.000000;;,
      2;4;-0.707107,-0.707107,-0.000000, 0.000000;;,
      3;4;-0.707107,-0.707107,-0.000000, 0.000000;;,
      4;4;-0.707107,-0.707107,-0.000000, 0.000000;;,
      5;4;-0.707107,-0.707107,-0.000000, 0.000000;;,
      6;4;-0.707107,-0.707107,-0.000000, 0.000000;;,
      7;4;-0.707107,-0.707107,-0.000000, 0.000000;;,
      8;4;-0.707107,-0.707107,-0.000000, 0.000000;;,
      9;4;-0.707107,-0.707107,-0.000000, 0.000000;;,
      10;4;-0.707107,-0.707107,-0.000000, 0.000000;;,
      11;4;-0.707107,-0.707107,-0.000000, 0.000000;;,
      12;4;-0.707107,-0.707107,-0.000000, 0.000000;;,
      13;4;-0.707107,-0.707107,-0.000000, 0.000000;;,
      14;4;-0.707107,-0.707107,-0.000000, 0.000000;;,
      15;4;-0.707107,-0.707107,-0.000000, 0.000000;;,
      16;4;-0.707107,-0.707107,-0.000000, 0.000000;;,
      17;4;-0.707107,-0.707107,-0.000000, 0.000000;;,
      18;4;-0.707107,-0.707107,-0.000000, 0.000000;;,
      19;4;-0.707107,-0.707107,-0.000000, 0.000000;;,
      20;4;-0.707107,-0.707107,-0.000000, 0.000000;;,
      21;4;-0.707107,-0.707107,-0.000000, 0.000000;;,
      22;4;-0.707107,-0.707107,-0.000000, 0.000000;;,
      23;4;-0.707107,-0.707107,-0.000000, 0.000000;;,
      24;4;-0.707107,-0.707107,-0.000000, 0.000000;;,
      25;4;-0.707107,-0.707107,-0.000000, 0.000000;;,
      26;4;-0.707107,-0.707107,-0.000000, 0.000000;;,
      27;4;-0.707107,-0.707107,-0.000000, 0.000000;;,
      28;4;-0.707107,-0.707107,-0.000000, 0.000000;;,
      29;4;-0.707107,-0.707107,-0.000000, 0.000000;;,
      30;4;-0.707107,-0.707107,-0.000000, 0.000000;;,
      31;4;-0.707107,-0.707107,-0.000000, 0.000000;;,
      32;4;-0.707107,-0.707107,-0.000000, 0.000000;;,
      33;4;-0.707107,-0.707107,-0.000000, 0.000000;;,
      34;4;-0.707107,-0.707107,-0.000000, 0.000000;;,
      35;4;-0.707107,-0.707107,-0.000000, 0.000000;;,
      36;4;-0.707107,-0.707107,-0.000000, 0.000000;;,
      37;4;-0.707107,-0.707107,-0.000000, 0.000000;;,
      38;4;-0.707107,-0.707107,-0.000000, 0.000000;;,
