xof 0303txt 0032

template XSkinMeshHeader {
  <3cf169ce-ff7c-44ab-93c0-f78f62d172e2>
  WORD nMaxSkinWeightsPerVertex;
  WORD nMaxSkinWeightsPerFace;
  WORD nBones;
}

template SkinWeights {
  <6f0d123b-bad2-4167-a0d0-80224f25fabb>
  STRING transformNodeName;
  DWORD nWeights;
  array DWORD vertexIndices[nWeights];
  array float weights[nWeights];
  Matrix4x4 matrixOffset;
}

Frame Root {
  FrameTransformMatrix {
     1.000000, 0.000000, 0.000000, 0.000000,
     0.000000,-0.000000,-1.000000, 0.000000,
     0.000000, 1.000000,-0.000000, 0.000000,
     0.000000, 0.000000, 0.000000, 1.000000;;
  }
  Frame Armature {
    FrameTransformMatrix {
       0.045000, 0.000000, 0.000000, 0.000000,
       0.000000,-0.000000, 0.045000, 0.000000,
       0.000000,-0.045000,-0.000000, 0.000000,
       0.000000, 0.000000, 0.000000, 1.000000;;
    }
    Frame Armature_mixamorig_Hips {
      FrameTransformMatrix {
         0.999845,-0.017438, 0.002354, 0.000000,
         0.017494, 0.999493,-0.026616, 0.000000,
        -0.001889, 0.026653, 0.999643, 0.000000,
         0.204609,205.052795,-0.888939, 1.000000;;
      }
      Frame Armature_mixamorig_LeftUpLeg {
        FrameTransformMatrix {
          -0.996630,-0.030285, 0.075888, 0.000000,
           0.041838,-0.986985, 0.155234, 0.000000,
           0.070332, 0.157935, 0.984731, 0.000000,
          18.524397,-13.838524, 2.662016, 1.000000;;
        }
        Frame Armature_mixamorig_LeftLeg {
          FrameTransformMatrix {
             0.986167, 0.085847, 0.141791, 0.000000,
            -0.015623, 0.899762,-0.436101, 0.000000,
            -0.165016, 0.427854, 0.888657, 0.000000,
             0.000002,85.245667,-0.000005, 1.000000;;
          }
          Frame Armature_mixamorig_LeftFoot {
            FrameTransformMatrix {
               0.993720,-0.042143, 0.103660, 0.000000,
              -0.073556, 0.452088, 0.888935, 0.000000,
              -0.084326,-0.890977, 0.446150, 0.000000,
              -0.000002,85.571159,-0.000001, 1.000000;;
            }
            Frame Armature_mixamorig_LeftToeBase {
              FrameTransformMatrix {
                 0.995356,-0.095552,-0.011680, 0.000000,
                 0.078230, 0.732214, 0.676567, 0.000000,
                -0.056096,-0.674339, 0.736288, 0.000000,
                -0.000000,32.485249,-0.000002, 1.000000;;
              }
              Frame Armature_mixamorig_LeftToe_End {
                FrameTransformMatrix {
                   1.000000,-0.000000, 0.000000, 0.000000,
                   0.000000, 1.000000, 0.000000, 0.000000,
                  -0.000000,-0.000000, 1.000000, 0.000000,
                   0.000002,19.069099,-0.000000, 1.000000;;
                }
              } // End of Armature_mixamorig_LeftToe_End
            } // End of Armature_mixamorig_LeftToeBase
          } // End of Armature_mixamorig_LeftFoot
        } // End of Armature_mixamorig_LeftLeg
      } // End of Armature_mixamorig_LeftUpLeg
      Frame Armature_mixamorig_RightUpLeg {
        FrameTransformMatrix {
          -0.967632, 0.064760,-0.243942, 0.000000,
          -0.107226,-0.980450, 0.165008, 0.000000,
          -0.228554, 0.185808, 0.955728, 0.000000,
          -18.440273,-14.411676, 0.160340, 1.000000;;
        }
        Frame Armature_mixamorig_RightLeg {
          FrameTransformMatrix {
             0.996516,-0.058778,-0.059163, 0.000000,
             0.032140, 0.925282,-0.377916, 0.000000,
             0.076956, 0.374698, 0.923948, 0.000000,
             0.000005,84.819695, 0.000000, 1.000000;;
          }
          Frame Armature_mixamorig_RightFoot {
            FrameTransformMatrix {
               0.987138, 0.079058,-0.138957, 0.000000,
               0.075303, 0.536791, 0.840348, 0.000000,
               0.141027,-0.840003, 0.523933, 0.000000,
              -0.000005,85.419403,-0.000002, 1.000000;;
            }
            Frame Armature_mixamorig_RightToeBase {
              FrameTransformMatrix {
                 0.995727,-0.008568,-0.091951, 0.000000,
                 0.067125, 0.750972, 0.656914, 0.000000,
                 0.063424,-0.660279, 0.748338, 0.000000,
                 0.000001,32.979607,-0.000001, 1.000000;;
              }
              Frame Armature_mixamorig_RightToe_End {
                FrameTransformMatrix {
                   1.000000,-0.000000, 0.000001, 0.000000,
                   0.000000, 1.000000,-0.000000, 0.000000,
                  -0.000001, 0.000000, 1.000000, 0.000000,
                  -0.000001,19.700628, 0.000000, 1.000000;;
                }
              } // End of Armature_mixamorig_RightToe_End
            } // End of Armature_mixamorig_RightToeBase
          } // End of Armature_mixamorig_RightFoot
        } // End of Armature_mixamorig_RightLeg
      } // End of Armature_mixamorig_RightUpLeg
      Frame Armature_mixamorig_Spine {
        FrameTransformMatrix {
           0.999941, 0.010604, 0.002421, 0.000000,
          -0.010367, 0.996494,-0.083027, 0.000000,
          -0.003293, 0.082997, 0.996544, 0.000000,
          -0.194803,19.804796,-3.889751, 1.000000;;
        }
        Frame Armature_mixamorig_Spine1 {
          FrameTransformMatrix {
             0.999043,-0.010095, 0.042552, 0.000000,
             0.006897, 0.997186, 0.074641, 0.000000,
            -0.043186,-0.074276, 0.996302, 0.000000,
             0.000000,23.620077, 0.000003, 1.000000;;
          }
          Frame Armature_mixamorig_Spine2 {
            FrameTransformMatrix {
               0.998883,-0.021647, 0.042006, 0.000000,
               0.013712, 0.983439, 0.180722, 0.000000,
              -0.045223,-0.179944, 0.982637, 0.000000,
              -0.000000,27.833483, 0.000002, 1.000000;;
            }
            Frame Armature_mixamorig_LeftShoulder {
              FrameTransformMatrix {
                -0.277961,-0.129756,-0.951788, 0.000000,
                 0.959764, 0.003612,-0.280783, 0.000000,
                 0.039871,-0.991539, 0.123531, 0.000000,
                12.603374,19.313784, 0.359169, 1.000000;;
              }
              Frame Armature_mixamorig_LeftArm {
                FrameTransformMatrix {
                   0.834680, 0.550086,-0.026732, 0.000000,
                  -0.138608, 0.256799, 0.956474, 0.000000,
                   0.533008,-0.794644, 0.290592, 0.000000,
                  -0.000001,26.583286,-0.000022, 1.000000;;
                }
                Frame Armature_mixamorig_LeftForeArm {
                  FrameTransformMatrix {
                     0.872112, 0.489307,-0.000000, 0.000000,
                    -0.489307, 0.872112,-0.000000, 0.000000,
                    -0.000000, 0.000000, 1.000000, 0.000000,
                     0.000003,55.127693,-0.000016, 1.000000;;
                  }
                  Frame Armature_mixamorig_LeftHand {
                    FrameTransformMatrix {
                       0.960878,-0.237663,-0.142230, 0.000000,
                       0.262633, 0.944908, 0.195380, 0.000000,
                       0.087960,-0.225090, 0.970360, 0.000000,
                       0.000011,52.773380, 0.000009, 1.000000;;
                    }
                    Frame Armature_mixamorig_LeftHandIndex1 {
                      FrameTransformMatrix {
                         0.999805,-0.019701, 0.001023, 0.000000,
                         0.018008, 0.932645, 0.360346, 0.000000,
                        -0.008053,-0.360258, 0.932818, 0.000000,
                        -5.152060,28.490223, 0.454741, 1.000000;;
                      }
                      Frame Armature_mixamorig_LeftHandIndex2 {
                        FrameTransformMatrix {
                           0.997317,-0.069737,-0.022278, 0.000000,
                           0.069737, 0.812354, 0.578980, 0.000000,
                          -0.022279,-0.578980, 0.815038, 0.000000,
                          -0.000006, 7.062867,-0.000067, 1.000000;;
                        }
                        Frame Armature_mixamorig_LeftHandIndex3 {
                          FrameTransformMatrix {
                             0.999342,-0.035862,-0.005465, 0.000000,
                             0.035862, 0.953973, 0.297740, 0.000000,
                            -0.005464,-0.297739, 0.954632, 0.000000,
                            -0.000032, 6.495300,-0.000054, 1.000000;;
                          }
                          Frame Armature_mixamorig_LeftHandIndex4 {
                            FrameTransformMatrix {
                               1.000000, 0.000000, 0.000000, 0.000000,
                              -0.000000, 1.000000, 0.000000, 0.000000,
                              -0.000000,-0.000000, 1.000000, 0.000000,
                              -0.000035, 6.593404, 0.000017, 1.000000;;
                            }
                          } // End of Armature_mixamorig_LeftHandIndex4
                        } // End of Armature_mixamorig_LeftHandIndex3
                      } // End of Armature_mixamorig_LeftHandIndex2
                    } // End of Armature_mixamorig_LeftHandIndex1
                    Frame Armature_mixamorig_LeftHandMiddle1 {
                      FrameTransformMatrix {
                         0.999235,-0.038789,-0.004953, 0.000000,
                         0.036745, 0.888092, 0.458195, 0.000000,
                        -0.013374,-0.458027, 0.888838, 0.000000,
                        -0.000040,27.744566, 0.000016, 1.000000;;
                      }
                      Frame Armature_mixamorig_LeftHandMiddle2 {
                        FrameTransformMatrix {
                           0.998757,-0.048756,-0.010317, 0.000000,
                           0.048757, 0.913103, 0.404803, 0.000000,
                          -0.010316,-0.404803, 0.914346, 0.000000,
                          -0.000004, 6.931612, 0.000000, 1.000000;;
                        }
                        Frame Armature_mixamorig_LeftHandMiddle3 {
                          FrameTransformMatrix {
                             0.999517,-0.030807,-0.004007, 0.000000,
                             0.030807, 0.966246, 0.255774, 0.000000,
                            -0.004008,-0.255774, 0.966728, 0.000000,
                             0.000026, 6.823624,-0.000010, 1.000000;;
                          }
                          Frame Armature_mixamorig_LeftHandMiddle4 {
                            FrameTransformMatrix {
                               1.000000, 0.000000,-0.000000, 0.000000,
                               0.000000, 1.000000,-0.000000, 0.000000,
                               0.000000, 0.000000, 1.000000, 0.000000,
                               0.000032, 7.392704,-0.000049, 1.000000;;
                            }
                          } // End of Armature_mixamorig_LeftHandMiddle4
                        } // End of Armature_mixamorig_LeftHandMiddle3
                      } // End of Armature_mixamorig_LeftHandMiddle2
                    } // End of Armature_mixamorig_LeftHandMiddle1
                    Frame Armature_mixamorig_LeftHandPinky1 {
                      FrameTransformMatrix {
                         0.991298,-0.113875,-0.066039, 0.000000,
                         0.126142, 0.678286, 0.723889, 0.000000,
                        -0.037639,-0.725920, 0.686748, 0.000000,
                         8.780932,21.905813, 0.441006, 1.000000;;
                      }
                      Frame Armature_mixamorig_LeftHandPinky2 {
                        FrameTransformMatrix {
                           0.999588, 0.027517,-0.008129, 0.000000,
                          -0.022600, 0.929632, 0.367796, 0.000000,
                           0.017678,-0.367461, 0.929871, 0.000000,
                          -0.000003, 6.536733,-0.000008, 1.000000;;
                        }
                        Frame Armature_mixamorig_LeftHandPinky3 {
                          FrameTransformMatrix {
                             0.999870,-0.016057,-0.001073, 0.000000,
                             0.016057, 0.990947, 0.133291, 0.000000,
                            -0.001077,-0.133291, 0.991076, 0.000000,
                            -0.000028, 4.149029, 0.000001, 1.000000;;
                          }
                          Frame Armature_mixamorig_LeftHandPinky4 {
                            FrameTransformMatrix {
                               1.000000,-0.000000, 0.000000, 0.000000,
                               0.000000, 1.000000,-0.000000, 0.000000,
                               0.000000, 0.000000, 1.000000, 0.000000,
                               0.000016, 5.563537,-0.000004, 1.000000;;
                            }
                          } // End of Armature_mixamorig_LeftHandPinky4
                        } // End of Armature_mixamorig_LeftHandPinky3
                      } // End of Armature_mixamorig_LeftHandPinky2
                    } // End of Armature_mixamorig_LeftHandPinky1
                    Frame Armature_mixamorig_LeftHandRing1 {
                      FrameTransformMatrix {
                         0.999518,-0.030852, 0.003415, 0.000000,
                         0.023855, 0.833883, 0.551425, 0.000000,
                        -0.019860,-0.551078, 0.834218, 0.000000,
                         4.241020,25.484119,-0.079259, 1.000000;;
                      }
                      Frame Armature_mixamorig_LeftHandRing2 {
                        FrameTransformMatrix {
                           0.999348,-0.035710,-0.005417, 0.000000,
                           0.035710, 0.954370, 0.296483, 0.000000,
                          -0.005417,-0.296483, 0.955023, 0.000000,
                          -0.000041, 6.309840, 0.000031, 1.000000;;
                        }
                        Frame Armature_mixamorig_LeftHandRing3 {
                          FrameTransformMatrix {
                             0.999733,-0.022988,-0.002213, 0.000000,
                             0.022987, 0.981352, 0.190842, 0.000000,
                            -0.002216,-0.190842, 0.981618, 0.000000,
                            -0.000007, 6.359552, 0.000004, 1.000000;;
                          }
                          Frame Armature_mixamorig_LeftHandRing4 {
                            FrameTransformMatrix {
                               1.000000, 0.000001,-0.000001, 0.000000,
                              -0.000001, 1.000000, 0.000000, 0.000000,
                               0.000002,-0.000000, 1.000000, 0.000000,
                              -0.000041, 7.037822, 0.000026, 1.000000;;
                            }
                          } // End of Armature_mixamorig_LeftHandRing4
                        } // End of Armature_mixamorig_LeftHandRing3
                      } // End of Armature_mixamorig_LeftHandRing2
                    } // End of Armature_mixamorig_LeftHandRing1
                    Frame Armature_mixamorig_LeftHandThumb1 {
                      FrameTransformMatrix {
                         0.900127, 0.208748, 0.382355, 0.000000,
                        -0.329062, 0.900976, 0.282774, 0.000000,
                        -0.285464,-0.380351, 0.879684, 0.000000,
                        -6.128820,11.123079, 3.291512, 1.000000;;
                      }
                      Frame Armature_mixamorig_LeftHandThumb2 {
                        FrameTransformMatrix {
                           0.959671,-0.277498,-0.045014, 0.000000,
                           0.275315, 0.960096,-0.049159, 0.000000,
                           0.056859, 0.034783, 0.997776, 0.000000,
                           0.000004,11.224327,-0.000004, 1.000000;;
                        }
                        Frame Armature_mixamorig_LeftHandThumb3 {
                          FrameTransformMatrix {
                             0.999329,-0.036620, 0.000729, 0.000000,
                             0.036604, 0.997793,-0.055403, 0.000000,
                             0.001302, 0.055393, 0.998464, 0.000000,
                            -0.000022, 8.955556, 0.000033, 1.000000;;
                          }
                          Frame Armature_mixamorig_LeftHandThumb4 {
                            FrameTransformMatrix {
                               1.000000, 0.000000,-0.000000, 0.000000,
                              -0.000000, 1.000000, 0.000000, 0.000000,
                               0.000000,-0.000000, 1.000000, 0.000000,
                               0.000037, 5.794506,-0.000007, 1.000000;;
                            }
                          } // End of Armature_mixamorig_LeftHandThumb4
                        } // End of Armature_mixamorig_LeftHandThumb3
                      } // End of Armature_mixamorig_LeftHandThumb2
                    } // End of Armature_mixamorig_LeftHandThumb1
                  } // End of Armature_mixamorig_LeftHand
                } // End of Armature_mixamorig_LeftForeArm
              } // End of Armature_mixamorig_LeftArm
            } // End of Armature_mixamorig_LeftShoulder
            Frame Armature_mixamorig_Neck {
              FrameTransformMatrix {
                 0.998474,-0.054964,-0.005299, 0.000000,
                 0.055209, 0.991812, 0.115158, 0.000000,
                -0.001074,-0.115275, 0.993333, 0.000000,
                -0.000000,31.294165, 0.000004, 1.000000;;
              }
              Frame Armature_mixamorig_Head {
                FrameTransformMatrix {
                   0.997693, 0.067184, 0.009705, 0.000000,
                  -0.067810, 0.992943, 0.097289, 0.000000,
                  -0.003100,-0.097722, 0.995209, 0.000000,
                   0.000002,23.188972,-0.000001, 1.000000;;
                }
                Frame Armature_mixamorig_HeadTop_End {
                  FrameTransformMatrix {
                     1.000000, 0.000000,-0.000000, 0.000000,
                    -0.000000, 1.000000, 0.000000, 0.000000,
                     0.000000,-0.000000, 1.000000, 0.000000,
                    -1.639802,39.777500,-0.361079, 1.000000;;
                  }
                } // End of Armature_mixamorig_HeadTop_End
                Frame Armature_mixamorig_LeftEye {
                  FrameTransformMatrix {
                     1.000000, 0.000000,-0.000000, 0.000000,
                    -0.000000, 1.000000, 0.000000, 0.000000,
                     0.000000,-0.000000, 1.000000, 0.000000,
                     5.295356,21.026102,11.309828, 1.000000;;
                  }
                } // End of Armature_mixamorig_LeftEye
                Frame Armature_mixamorig_RightEye {
                  FrameTransformMatrix {
                     1.000000, 0.000000,-0.000000, 0.000000,
                    -0.000000, 1.000000, 0.000000, 0.000000,
                     0.000000,-0.000000, 1.000000, 0.000000,
                    -6.881474,20.143005,11.252147, 1.000000;;
                  }
                } // End of Armature_mixamorig_RightEye
              } // End of Armature_mixamorig_Head
            } // End of Armature_mixamorig_Neck
            Frame Armature_mixamorig_RightShoulder {
              FrameTransformMatrix {
                -0.159435, 0.115168, 0.980468, 0.000000,
                -0.985155, 0.045461,-0.165537, 0.000000,
                -0.063638,-0.992305, 0.106210, 0.000000,
                -12.989573,19.103497,-0.116240, 1.000000;;
              }
              Frame Armature_mixamorig_RightArm {
                FrameTransformMatrix {
                   0.796454,-0.602612,-0.050188, 0.000000,
                   0.198360, 0.181955, 0.963092, 0.000000,
                  -0.571239,-0.777014, 0.264453, 0.000000,
                  -0.000001,26.891947, 0.000005, 1.000000;;
                }
                Frame Armature_mixamorig_RightForeArm {
                  FrameTransformMatrix {
                     0.890244,-0.455483, 0.000000, 0.000000,
                     0.455483, 0.890245,-0.000001, 0.000000,
                     0.000000, 0.000001, 1.000000, 0.000000,
                    -0.000002,55.842674,-0.000014, 1.000000;;
                  }
                  Frame Armature_mixamorig_RightHand {
                    FrameTransformMatrix {
                       0.966263, 0.255310,-0.033949, 0.000000,
                      -0.254619, 0.966759, 0.023391, 0.000000,
                       0.038792,-0.013958, 0.999150, 0.000000,
                       0.000031,50.313721, 0.000028, 1.000000;;
                    }
                    Frame Armature_mixamorig_RightHandIndex1 {
                      FrameTransformMatrix {
                         0.995939, 0.088713, 0.015326, 0.000000,
                        -0.090005, 0.977383, 0.191368, 0.000000,
                         0.001997,-0.191971, 0.981399, 0.000000,
                         5.106655,26.603027, 0.546324, 1.000000;;
                      }
                      Frame Armature_mixamorig_RightHandIndex2 {
                        FrameTransformMatrix {
                           0.996778, 0.075718, 0.026461, 0.000000,
                          -0.075718, 0.779457, 0.621863, 0.000000,
                           0.026461,-0.621863, 0.782679, 0.000000,
                          -0.000008, 7.092130, 0.000011, 1.000000;;
                        }
                        Frame Armature_mixamorig_RightHandIndex3 {
                          FrameTransformMatrix {
                             0.999855, 0.017004, 0.001193, 0.000000,
                            -0.017004, 0.990055, 0.139650, 0.000000,
                             0.001193,-0.139650, 0.990200, 0.000000,
                             0.000026, 7.414434,-0.000006, 1.000000;;
                          }
                          Frame Armature_mixamorig_RightHandIndex4 {
                            FrameTransformMatrix {
                               1.000000,-0.000000, 0.000000, 0.000000,
                               0.000000, 1.000000, 0.000000, 0.000000,
                               0.000000, 0.000000, 1.000000, 0.000000,
                               0.000048, 5.522522,-0.000014, 1.000000;;
                            }
                          } // End of Armature_mixamorig_RightHandIndex4
                        } // End of Armature_mixamorig_RightHandIndex3
                      } // End of Armature_mixamorig_RightHandIndex2
                    } // End of Armature_mixamorig_RightHandIndex1
                    Frame Armature_mixamorig_RightHandMiddle1 {
                      FrameTransformMatrix {
                         0.991605, 0.123492, 0.038337, 0.000000,
                        -0.129105, 0.929066, 0.346653, 0.000000,
                         0.007192,-0.348692, 0.937210, 0.000000,
                         0.000025,26.065540,-0.000053, 1.000000;;
                      }
                      Frame Armature_mixamorig_RightHandMiddle2 {
                        FrameTransformMatrix {
                           0.998120, 0.059308, 0.015437, 0.000000,
                          -0.059308, 0.871333, 0.487094, 0.000000,
                           0.015438,-0.487094, 0.873213, 0.000000,
                           0.000048, 6.159956,-0.000003, 1.000000;;
                        }
                        Frame Armature_mixamorig_RightHandMiddle3 {
                          FrameTransformMatrix {
                             0.999534, 0.013964,-0.027132, 0.000000,
                            -0.011373, 0.995564, 0.093403, 0.000000,
                             0.028315,-0.093051, 0.995259, 0.000000,
                             0.000044, 7.279101, 0.000014, 1.000000;;
                          }
                          Frame Armature_mixamorig_RightHandMiddle4 {
                            FrameTransformMatrix {
                               1.000000,-0.000000, 0.000000, 0.000000,
                              -0.000000, 1.000000, 0.000000, 0.000000,
                              -0.000000, 0.000000, 1.000000, 0.000000,
                              -0.000039, 7.459973,-0.000028, 1.000000;;
                            }
                          } // End of Armature_mixamorig_RightHandMiddle4
                        } // End of Armature_mixamorig_RightHandMiddle3
                      } // End of Armature_mixamorig_RightHandMiddle2
                    } // End of Armature_mixamorig_RightHandMiddle1
                    Frame Armature_mixamorig_RightHandPinky1 {
                      FrameTransformMatrix {
                         0.990175, 0.124158, 0.064333, 0.000000,
                        -0.137556, 0.782102, 0.607779, 0.000000,
                         0.025145,-0.610657, 0.791496, 0.000000,
                        -8.541080,20.989349, 0.497735, 1.000000;;
                      }
                      Frame Armature_mixamorig_RightHandPinky2 {
                        FrameTransformMatrix {
                           0.999334, 0.036075, 0.005475, 0.000000,
                          -0.036076, 0.954374, 0.296426, 0.000000,
                           0.005469,-0.296426, 0.955040, 0.000000,
                           0.000051, 5.939602,-0.000008, 1.000000;;
                        }
                        Frame Armature_mixamorig_RightHandPinky3 {
                          FrameTransformMatrix {
                             0.999864, 0.016441, 0.001115, 0.000000,
                            -0.016441, 0.990707, 0.135014, 0.000000,
                             0.001115,-0.135014, 0.990843, 0.000000,
                            -0.000019, 3.764709, 0.000003, 1.000000;;
                          }
                          Frame Armature_mixamorig_RightHandPinky4 {
                            FrameTransformMatrix {
                               1.000000, 0.000002,-0.000002, 0.000000,
                              -0.000002, 1.000000, 0.000010, 0.000000,
                               0.000002,-0.000010, 1.000000, 0.000000,
                               0.000003, 6.370451, 0.000003, 1.000000;;
                            }
                          } // End of Armature_mixamorig_RightHandPinky4
                        } // End of Armature_mixamorig_RightHandPinky3
                      } // End of Armature_mixamorig_RightHandPinky2
                    } // End of Armature_mixamorig_RightHandPinky1
                    Frame Armature_mixamorig_RightHandRing1 {
                      FrameTransformMatrix {
                         0.995767, 0.086550, 0.030928, 0.000000,
                        -0.090560, 0.866459, 0.490967, 0.000000,
                         0.015695,-0.491690, 0.870629, 0.000000,
                        -3.983931,24.087221,-0.001383, 1.000000;;
                      }
                      Frame Armature_mixamorig_RightHandRing2 {
                        FrameTransformMatrix {
                           0.998921, 0.045580, 0.008858, 0.000000,
                          -0.045580, 0.926172, 0.374337, 0.000000,
                           0.008858,-0.374337, 0.927250, 0.000000,
                           0.000000, 6.857465,-0.000002, 1.000000;;
                        }
                        Frame Armature_mixamorig_RightHandRing3 {
                          FrameTransformMatrix {
                             0.999285, 0.022490,-0.030381, 0.000000,
                            -0.017812, 0.989081, 0.146294, 0.000000,
                             0.033339,-0.145648, 0.988774, 0.000000,
                             0.000031, 6.835484, 0.000021, 1.000000;;
                          }
                          Frame Armature_mixamorig_RightHandRing4 {
                            FrameTransformMatrix {
                               1.000000,-0.000002, 0.000002, 0.000000,
                               0.000002, 1.000000,-0.000005, 0.000000,
                              -0.000002, 0.000005, 1.000000, 0.000000,
                               0.000001, 6.017148, 0.000006, 1.000000;;
                            }
                          } // End of Armature_mixamorig_RightHandRing4
                        } // End of Armature_mixamorig_RightHandRing3
                      } // End of Armature_mixamorig_RightHandRing2
                    } // End of Armature_mixamorig_RightHandRing1
                    Frame Armature_mixamorig_RightHandThumb1 {
                      FrameTransformMatrix {
                         0.996557,-0.024410,-0.079240, 0.000000,
                         0.052087, 0.927871, 0.369245, 0.000000,
                         0.064511,-0.372101, 0.925948, 0.000000,
                         6.157070, 9.501951, 3.930007, 1.000000;;
                      }
                      Frame Armature_mixamorig_RightHandThumb2 {
                        FrameTransformMatrix {
                           0.995852, 0.028955, 0.086262, 0.000000,
                          -0.032429, 0.998707, 0.039151, 0.000000,
                          -0.085017,-0.041786, 0.995503, 0.000000,
                          -0.000002,10.349148, 0.000002, 1.000000;;
                        }
                        Frame Armature_mixamorig_RightHandThumb3 {
                          FrameTransformMatrix {
                             0.999433,-0.033456, 0.003634, 0.000000,
                             0.033608, 0.997857,-0.056136, 0.000000,
                            -0.001748, 0.056226, 0.998417, 0.000000,
                            -0.000025, 8.574713,-0.000039, 1.000000;;
                          }
                          Frame Armature_mixamorig_RightHandThumb4 {
                            FrameTransformMatrix {
                               1.000000, 0.000002,-0.000001, 0.000000,
                              -0.000002, 1.000000, 0.000004, 0.000000,
                               0.000001,-0.000004, 1.000000, 0.000000,
                               0.000000, 6.138902,-0.000002, 1.000000;;
                            }
                          } // End of Armature_mixamorig_RightHandThumb4
                        } // End of Armature_mixamorig_RightHandThumb3
                      } // End of Armature_mixamorig_RightHandThumb2
                    } // End of Armature_mixamorig_RightHandThumb1
                  } // End of Armature_mixamorig_RightHand
                } // End of Armature_mixamorig_RightForeArm
              } // End of Armature_mixamorig_RightArm
            } // End of Armature_mixamorig_RightShoulder
          } // End of Armature_mixamorig_Spine2
        } // End of Armature_mixamorig_Spine1
      } // End of Armature_mixamorig_Spine
    } // End of Armature_mixamorig_Hips
    Frame Body {
      FrameTransformMatrix {
         1.000000,-0.000000, 0.000000, 0.000000,
         0.000000, 1.000000, 0.000000, 0.000000,
         0.000000, 0.000000, 1.000000, 0.000000,
         0.000006,-0.000011,-0.000001, 1.000000;;
      }
    } // End of Body
    Frame Bottoms {
      FrameTransformMatrix {
         1.000000,-0.000000, 0.000000, 0.000000,
        -0.000000, 1.000000,-0.000000, 0.000000,
         0.000000,-0.000000, 1.000000, 0.000000,
         0.000002, 0.000010, 0.000000, 1.000000;;
      }
    } // End of Bottoms
    Frame Eyelashes {
      FrameTransformMatrix {
         1.000000,-0.000000, 0.000000, 0.000000,
        -0.000000, 1.000000,-0.000000, 0.000000,
         0.000000, 0.000000, 1.000000, 0.000000,
        -0.000001,-0.000015,-0.000010, 1.000000;;
      }
    } // End of Eyelashes
    Frame Eyes {
      FrameTransformMatrix {
         1.000000,-0.000000, 0.000000, 0.000000,
        -0.000000, 1.000000,-0.000000, 0.000000,
         0.000000, 0.000000, 1.000000, 0.000000,
        -0.000001,-0.000015,-0.000010, 1.000000;;
      }
    } // End of Eyes
    Frame Hair {
      FrameTransformMatrix {
         1.000000,-0.000000, 0.000000, 0.000000,
        -0.000000, 1.000000,-0.000000, 0.000000,
         0.000000, 0.000000, 1.000000, 0.000000,
        -0.000001,-0.000015,-0.000010, 1.000000;;
      }
    } // End of Hair
    Frame Shoes {
      FrameTransformMatrix {
         1.000000,-0.000000, 0.000000, 0.000000,
        -0.000000, 1.000000,-0.000000, 0.000000,
         0.000000,-0.000000, 1.000000, 0.000000,
        -0.000000, 0.000000, 0.000001, 1.000000;;
      }
    } // End of Shoes
    Frame Tops {
      FrameTransformMatrix {
         1.000000, 0.000000,-0.000000, 0.000000,
         0.000000, 1.000000, 0.000000, 0.000000,
        -0.000000, 0.000000, 1.000000, 0.000000,
        -0.000003,-0.000008, 0.000000, 1.000000;;
      }
    } // End of Tops
  } // End of Armature
} // End of Root
AnimationSet Global {
  Animation {
    {Armature}
    AnimationKey { // Rotation
      0;
      298;
      0;4;-0.707107, 0.707107, 0.000000, 0.000000;;,
      1;4;-0.707107, 0.707107, 0.000000, 0.000000;;,
      2;4;-0.707107, 0.707107, 0.000000, 0.000000;;,
      3;4;-0.707107, 0.707107, 0.000000, 0.000000;;,
      4;4;-0.707107, 0.707107, 0.000000, 0.000000;;,
      5;4;-0.707107, 0.707107, 0.000000, 0.000000;;,
      6;4;-0.707107, 0.707107, 0.000000, 0.000000;;,
      7;4;-0.707107, 0.707107, 0.000000, 0.000000;;,
      8;4;-0.707107, 0.707107, 0.000000, 0.000000;;,
      9;4;-0.707107, 0.707107, 0.000000, 0.000000;;,
      10;4;-0.707107, 0.707107, 0.000000, 0.000000;;,
      11;4;-0.707107, 0.707107, 0.000000, 0.000000;;,
      12;4;-0.707107, 0.707107, 0.000000, 0.000000;;,
      13;4;-0.707107, 0.707107, 0.000000, 0.000000;;,
      14;4;-0.707107, 0.707107, 0.000000, 0.000000;;,
      15;4;-0.707107, 0.707107, 0.000000, 0.000000;;,
      16;4;-0.707107, 0.707107, 0.000000, 0.000000;;,
      17;4;-0.707107, 0.707107, 0.000000, 0.000000;;,
      18;4;-0.707107, 0.707107, 0.000000, 0.000000;;,
      19;4;-0.707107, 0.707107, 0.000000, 0.000000;;,
      20;4;-0.707107, 0.707107, 0.000000, 0.000000;;,
      21;4;-0.707107, 0.707107, 0.000000, 0.000000;;,
      22;4;-0.707107, 0.707107, 0.000000, 0.000000;;,
      23;4;-0.707107, 0.707107, 0.000000, 0.000000;;,
      24;4;-0.707107, 0.707107, 0.000000, 0.000000;;,
      25;4;-0.707107, 0.707107, 0.000000, 0.000000;;,
      26;4;-0.707107, 0.707107, 0.000000, 0.000000;;,
      27;4;-0.707107, 0.707107, 0.000000, 0.000000;;,
      28;4;-0.707107, 0.707107, 0.000000, 0.000000;;,
      29;4;-0.707107, 0.707107, 0.000000, 0.000000;;,
      30;4;-0.707107, 0.707107, 0.000000, 0.000000;;,
      31;4;-0.707107, 0.707107, 0.000000, 0.000000;;,
      32;4;-0.707107, 0.707107, 0.000000, 0.000000;;,
      33;4;-0.707107, 0.707107, 0.000000, 0.000000;;,
      34;4;-0.707107, 0.707107, 0.000000, 0.000000;;,
      35;4;-0.707107, 0.707107, 0.000000, 0.000000;;,
      36;4;-0.707107, 0.707107, 0.000000, 0.000000;;,
      37;4;-0.707107, 0.707107, 0.000000, 0.000000;;,
      38;4;-0.707107, 0.707107, 0.000000, 0.000000;;,
      39;4;-0.707107, 0.707107, 0.000000, 0.000000;;,
      40;4;-0.707107, 0.707107, 0.000000, 0.000000;;,
      41;4;-0.707107, 0.707107, 0.000000, 0.000000;;,
      42;4;-0.707107, 0.707107, 0.000000, 0.000000;;,
      43;4;-0.707107, 0.707107, 0.000000, 0.000000;;,
      44;4;-0.707107, 0.707107, 0.000000, 0.000000;;,
      45;4;-0.707107, 0.707107, 0.000000, 0.000000;;,
      46;4;-0.707107, 0.707107, 0.000000, 0.000000;;,
      47;4;-0.707107, 0.707107, 0.000000, 0.000000;;,
      48;4;-0.707107, 0.707107, 0.000000, 0.000000;;,
      49;4;-0.707107, 0.707107, 0.000000, 0.000000;;,
      50;4;-0.707107, 0.707107, 0.000000, 0.000000;;,
      51;4;-0.707107, 0.707107, 0.000000, 0.000000;;,
      52;4;-0.707107, 0.707107, 0.000000, 0.000000;;,
      53;4;-0.707107, 0.707107, 0.000000, 0.000000;;,
      54;4;-0.707107, 0.707107, 0.000000, 0.000000;;,
      55;4;-0.707107, 0.707107, 0.000000, 0.000000;;,
      56;4;-0.707107, 0.707107, 0.000000, 0.000000;;,
      57;4;-0.707107, 0.707107, 0.000000, 0.000000;;,
      58;4;-0.707107, 0.707107, 0.000000, 0.000000;;,
      59;4;-0.707107, 0.707107, 0.000000, 0.000000;;,
      60;4;-0.707107, 0.707107, 0.000000, 0.000000;;,
      61;4;-0.707107, 0.707107, 0.000000, 0.000000;;,
      62;4;-0.707107, 0.707107, 0.000000, 0.000000;;,
      63;4;-0.707107, 0.707107, 0.000000, 0.000000;;,
      64;4;-0.707107, 0.707107, 0.000000, 0.000000;;,
      65;4;-0.707107, 0.707107, 0.000000, 0.000000;;,
      66;4;-0.707107, 0.707107, 0.000000, 0.000000;;,
      67;4;-0.707107, 0.707107, 0.000000, 0.000000;;,
      68;4;-0.707107, 0.707107, 0.000000, 0.000000;;,
      69;4;-0.707107, 0.707107, 0.000000, 0.000000;;,
      70;4;-0.707107, 0.707107, 0.000000, 0.000000;;,
      71;4;-0.707107, 0.707107, 0.000000, 0.000000;;,
      72;4;-0.707107, 0.707107, 0.000000, 0.000000;;,
      73;4;-0.707107, 0.707107, 0.000000, 0.000000;;,
      74;4;-0.707107, 0.707107, 0.000000, 0.000000;;,
      75;4;-0.707107, 0.707107, 0.000000, 0.000000;;,
      76;4;-0.707107, 0.707107, 0.000000, 0.000000;;,
      77;4;-0.707107, 0.707107, 0.000000, 0.000000;;,
      78;4;-0.707107, 0.707107, 0.000000, 0.000000;;,
      79;4;-0.707107, 0.707107, 0.000000, 0.000000;;,
      80;4;-0.707107, 0.707107, 0.000000, 0.000000;;,
      81;4;-0.707107, 0.707107, 0.000000, 0.000000;;,
      82;4;-0.707107, 0.707107, 0.000000, 0.000000;;,
      83;4;-0.707107, 0.707107, 0.000000, 0.000000;;,
      84;4;-0.707107, 0.707107, 0.000000, 0.000000;;,
      85;4;-0.707107, 0.707107, 0.000000, 0.000000;;,
      86;4;-0.707107, 0.707107, 0.000000, 0.000000;;,
      87;4;-0.707107, 0.707107, 0.000000, 0.000000;;,
      88;4;-0.707107, 0.707107, 0.000000, 0.000000;;,
      89;4;-0.707107, 0.707107, 0.000000, 0.000000;;,
      90;4;-0.707107, 0.707107, 0.000000, 0.000000;;,
      91;4;-0.707107, 0.707107, 0.000000, 0.000000;;,
      92;4;-0.707107, 0.707107, 0.000000, 0.000000;;,
      93;4;-0.707107, 0.707107, 0.000000, 0.000000;;,
      94;4;-0.707107, 0.707107, 0.000000, 0.000000;;,
      95;4;-0.707107, 0.707107, 0.000000, 0.000000;;,
      96;4;-0.707107, 0.707107, 0.000000, 0.000000;;,
      97;4;-0.707107, 0.707107, 0.000000, 0.000000;;,
      98;4;-0.707107, 0.707107, 0.000000, 0.000000;;,
      99;4;-0.707107, 0.707107, 0.000000, 0.000000;;,
      100;4;-0.707107, 0.707107, 0.000000, 0.000000;;,
      101;4;-0.707107, 0.707107, 0.000000, 0.000000;;,
      102;4;-0.707107, 0.707107, 0.000000, 0.000000;;,
      103;4;-0.707107, 0.707107, 0.000000, 0.000000;;,
      104;4;-0.707107, 0.707107, 0.000000, 0.000000;;,
      105;4;-0.707107, 0.707107, 0.000000, 0.000000;;,
      106;4;-0.707107, 0.707107, 0.000000, 0.000000;;,
      107;4;-0.707107, 0.707107, 0.000000, 0.000000;;,
      108;4;-0.707107, 0.707107, 0.000000, 0.000000;;,
      109;4;-0.707107, 0.707107, 0.000000, 0.000000;;,
      110;4;-0.707107, 0.707107, 0.000000, 0.000000;;,
      111;4;-0.707107, 0.707107, 0.000000, 0.000000;;,
      112;4;-0.707107, 0.707107, 0.000000, 0.000000;;,
      113;4;-0.707107, 0.707107, 0.000000, 0.000000;;,
      114;4;-0.707107, 0.707107, 0.000000, 0.000000;;,
      115;4;-0.707107, 0.707107, 0.000000, 0.000000;;,
      116;4;-0.707107, 0.707107, 0.000000, 0.000000;;,
      117;4;-0.707107, 0.707107, 0.000000, 0.000000;;,
      118;4;-0.707107, 0.707107, 0.000000, 0.000000;;,
      119;4;-0.707107, 0.707107, 0.000000, 0.000000;;,
      120;4;-0.707107, 0.707107, 0.000000, 0.000000;;,
      121;4;-0.707107, 0.707107, 0.000000, 0.000000;;,
      122;4;-0.707107, 0.707107, 0.000000, 0.000000;;,
      123;4;-0.707107, 0.707107, 0.000000, 0.000000;;,
      124;4;-0.707107, 0.707107, 0.000000, 0.000000;;,
      125;4;-0.707107, 0.707107, 0.000000, 0.000000;;,
      126;4;-0.707107, 0.707107, 0.000000, 0.000000;;,
      127;4;-0.707107, 0.707107, 0.000000, 0.000000;;,
      128;4;-0.707107, 0.707107, 0.000000, 0.000000;;,
      129;4;-0.707107, 0.707107, 0.000000, 0.000000;;,
      130;4;-0.707107, 0.707107, 0.000000, 0.000000;;,
      131;4;-0.707107, 0.707107, 0.000000, 0.000000;;,
      132;4;-0.707107, 0.707107, 0.000000, 0.000000;;,
      133;4;-0.707107, 0.707107, 0.000000, 0.000000;;,
      134;4;-0.707107, 0.707107, 0.000000, 0.000000;;,
      135;4;-0.707107, 0.707107, 0.000000, 0.000000;;,
      136;4;-0.707107, 0.707107, 0.000000, 0.000000;;,
