xof 0303txt 0032

template XSkinMeshHeader {
  <3cf169ce-ff7c-44ab-93c0-f78f62d172e2>
  WORD nMaxSkinWeightsPerVertex;
  WORD nMaxSkinWeightsPerFace;
  WORD nBones;
}

template SkinWeights {
  <6f0d123b-bad2-4167-a0d0-80224f25fabb>
  STRING transformNodeName;
  DWORD nWeights;
  array DWORD vertexIndices[nWeights];
  array float weights[nWeights];
  Matrix4x4 matrixOffset;
}

Frame Root {
  FrameTransformMatrix {
     1.000000, 0.000000, 0.000000, 0.000000,
     0.000000,-0.000000,-1.000000, 0.000000,
     0.000000, 1.000000,-0.000000, 0.000000,
     0.000000, 0.000000, 0.000000, 1.000000;;
  }
  Frame Armature {
    FrameTransformMatrix {
       0.045000, 0.000000, 0.000000, 0.000000,
       0.000000,-0.000000, 0.045000, 0.000000,
       0.000000,-0.045000,-0.000000, 0.000000,
       0.000000, 0.000000, 0.000000, 1.000000;;
    }
    Frame Armature_mixamorig_Hips {
      FrameTransformMatrix {
         0.992221, 0.040380,-0.117762, 0.000000,
        -0.036505, 0.998724, 0.034885, 0.000000,
         0.119020,-0.030315, 0.992429, 0.000000,
         2.681159,193.458588, 3.823641, 1.000000;;
      }
      Frame Armature_mixamorig_LeftUpLeg {
        FrameTransformMatrix {
          -0.964706,-0.040292, 0.259993, 0.000000,
          -0.067631,-0.917122,-0.392757, 0.000000,
           0.254431,-0.396564, 0.881871, 0.000000,
          18.524395,-13.838546, 2.662015, 1.000000;;
        }
        Frame Armature_mixamorig_LeftLeg {
          FrameTransformMatrix {
             0.983768, 0.169368,-0.059284, 0.000000,
            -0.173250, 0.982530,-0.067960, 0.000000,
             0.046738, 0.077128, 0.995925, 0.000000,
             0.000004,85.245674, 0.000001, 1.000000;;
          }
          Frame Armature_mixamorig_LeftFoot {
            FrameTransformMatrix {
               0.969008,-0.011156,-0.246778, 0.000000,
               0.229409, 0.411169, 0.882220, 0.000000,
               0.091626,-0.911491, 0.400985, 0.000000,
               0.000005,85.571152,-0.000001, 1.000000;;
            }
            Frame Armature_mixamorig_LeftToeBase {
              FrameTransformMatrix {
                 0.995621,-0.092366,-0.014404, 0.000000,
                 0.062897, 0.547888, 0.834184, 0.000000,
                -0.069158,-0.831437, 0.551298, 0.000000,
                -0.000000,32.485237, 0.000001, 1.000000;;
              }
              Frame Armature_mixamorig_LeftToe_End {
                FrameTransformMatrix {
                   1.000000,-0.000000, 0.000000, 0.000000,
                   0.000000, 1.000000, 0.000000, 0.000000,
                  -0.000000,-0.000000, 1.000000, 0.000000,
                  -0.000001,19.069096, 0.000000, 1.000000;;
                }
              } // End of Armature_mixamorig_LeftToe_End
            } // End of Armature_mixamorig_LeftToeBase
          } // End of Armature_mixamorig_LeftFoot
        } // End of Armature_mixamorig_LeftLeg
      } // End of Armature_mixamorig_LeftUpLeg
      Frame Armature_mixamorig_RightUpLeg {
        FrameTransformMatrix {
          -0.992450,-0.002829,-0.122729, 0.000000,
          -0.071714,-0.798320, 0.597997, 0.000000,
          -0.099729, 0.602226, 0.792141, 0.000000,
          -18.440273,-14.411696, 0.160340, 1.000000;;
        }
        Frame Armature_mixamorig_RightLeg {
          FrameTransformMatrix {
             0.996744,-0.080155,-0.008794, 0.000000,
             0.073366, 0.946724,-0.313579, 0.000000,
             0.033461, 0.311913, 0.949522, 0.000000,
            -0.000001,84.819710, 0.000004, 1.000000;;
          }
          Frame Armature_mixamorig_RightFoot {
            FrameTransformMatrix {
               0.996615,-0.039424,-0.072143, 0.000000,
               0.080310, 0.654539, 0.751751, 0.000000,
               0.017583,-0.755000, 0.655489, 0.000000,
              -0.000000,85.419403, 0.000003, 1.000000;;
            }
            Frame Armature_mixamorig_RightToeBase {
              FrameTransformMatrix {
                 0.993731, 0.012203,-0.111125, 0.000000,
                 0.081379, 0.602578, 0.793900, 0.000000,
                 0.076650,-0.797967, 0.597807, 0.000000,
                 0.000000,32.979607,-0.000001, 1.000000;;
              }
              Frame Armature_mixamorig_RightToe_End {
                FrameTransformMatrix {
                   1.000000,-0.000000, 0.000001, 0.000000,
                   0.000000, 1.000000,-0.000000, 0.000000,
                  -0.000001, 0.000000, 1.000000, 0.000000,
                  -0.000002,19.700628,-0.000004, 1.000000;;
                }
              } // End of Armature_mixamorig_RightToe_End
            } // End of Armature_mixamorig_RightToeBase
          } // End of Armature_mixamorig_RightFoot
        } // End of Armature_mixamorig_RightLeg
      } // End of Armature_mixamorig_RightUpLeg
      Frame Armature_mixamorig_Spine {
        FrameTransformMatrix {
           0.993556,-0.035863, 0.107519, 0.000000,
           0.038554, 0.998991,-0.023056, 0.000000,
          -0.106584, 0.027052, 0.993936, 0.000000,
          -0.194802,19.804770,-3.889751, 1.000000;;
        }
        Frame Armature_mixamorig_Spine1 {
          FrameTransformMatrix {
             0.989034, 0.025757, 0.145425, 0.000000,
            -0.040051, 0.994553, 0.096230, 0.000000,
            -0.142154,-0.100999, 0.984678, 0.000000,
            -0.000000,23.620083, 0.000000, 1.000000;;
          }
          Frame Armature_mixamorig_Spine2 {
            FrameTransformMatrix {
               0.989722, 0.024126, 0.140953, 0.000000,
              -0.052302, 0.978445, 0.199772, 0.000000,
              -0.133095,-0.205091, 0.969651, 0.000000,
              -0.000000,27.833477,-0.000001, 1.000000;;
            }
            Frame Armature_mixamorig_LeftShoulder {
              FrameTransformMatrix {
                 0.038313,-0.082563,-0.995849, 0.000000,
                 0.982348,-0.179491, 0.052675, 0.000000,
                -0.183095,-0.980289, 0.074229, 0.000000,
                12.603375,19.313744, 0.359172, 1.000000;;
              }
              Frame Armature_mixamorig_LeftArm {
                FrameTransformMatrix {
                   0.746488, 0.665095,-0.020132, 0.000000,
                  -0.513062, 0.594588, 0.619059, 0.000000,
                   0.423703,-0.451791, 0.785087, 0.000000,
                   0.000009,26.583282,-0.000011, 1.000000;;
                }
                Frame Armature_mixamorig_LeftForeArm {
                  FrameTransformMatrix {
                     0.528312, 0.849050,-0.000000, 0.000000,
                    -0.849050, 0.528312,-0.000000, 0.000000,
                    -0.000000, 0.000000, 1.000000, 0.000000,
                     0.000006,55.127686,-0.000025, 1.000000;;
                  }
                  Frame Armature_mixamorig_LeftHand {
                    FrameTransformMatrix {
                       0.999791, 0.009350,-0.018192, 0.000000,
                      -0.014050, 0.960310,-0.278578, 0.000000,
                       0.014865, 0.278776, 0.960241, 0.000000,
                      -0.000004,52.773365,-0.000007, 1.000000;;
                    }
                    Frame Armature_mixamorig_LeftHandIndex1 {
                      FrameTransformMatrix {
                         0.999149, 0.030433, 0.027839, 0.000000,
                        -0.038499, 0.930317, 0.364731, 0.000000,
                        -0.014799,-0.365492, 0.930697, 0.000000,
                        -5.152049,28.490219, 0.454733, 1.000000;;
                      }
                      Frame Armature_mixamorig_LeftHandIndex2 {
                        FrameTransformMatrix {
                           0.999645,-0.026419,-0.003472, 0.000000,
                           0.026419, 0.965682, 0.258380, 0.000000,
                          -0.003473,-0.258380, 0.966037, 0.000000,
                          -0.000008, 7.062868,-0.000062, 1.000000;;
                        }
                        Frame Armature_mixamorig_LeftHandIndex3 {
                          FrameTransformMatrix {
                             0.999645,-0.026419,-0.003473, 0.000000,
                             0.026419, 0.965678, 0.258393, 0.000000,
                            -0.003473,-0.258393, 0.966034, 0.000000,
                            -0.000021, 6.495309,-0.000057, 1.000000;;
                          }
                          Frame Armature_mixamorig_LeftHandIndex4 {
                            FrameTransformMatrix {
                               1.000000, 0.000000, 0.000000, 0.000000,
                              -0.000000, 1.000000, 0.000000, 0.000000,
                               0.000000,-0.000000, 1.000000, 0.000000,
                              -0.000030, 6.593411,-0.000010, 1.000000;;
                            }
                          } // End of Armature_mixamorig_LeftHandIndex4
                        } // End of Armature_mixamorig_LeftHandIndex3
                      } // End of Armature_mixamorig_LeftHandIndex2
                    } // End of Armature_mixamorig_LeftHandIndex1
                    Frame Armature_mixamorig_LeftHandMiddle1 {
                      FrameTransformMatrix {
                         0.997199,-0.074626,-0.005103, 0.000000,
                         0.067830, 0.873413, 0.482234, 0.000000,
                        -0.031530,-0.481229, 0.876028, 0.000000,
                        -0.000030,27.744576, 0.000018, 1.000000;;
                      }
                      Frame Armature_mixamorig_LeftHandMiddle2 {
                        FrameTransformMatrix {
                           0.999779,-0.020927,-0.002165, 0.000000,
                           0.020927, 0.978606, 0.204677, 0.000000,
                          -0.002165,-0.204677, 0.978827, 0.000000,
                          -0.000001, 6.931600, 0.000004, 1.000000;;
                        }
                        Frame Armature_mixamorig_LeftHandMiddle3 {
                          FrameTransformMatrix {
                             0.999698,-0.024387,-0.002951, 0.000000,
                             0.024387, 0.970833, 0.238515, 0.000000,
                            -0.002951,-0.238515, 0.971134, 0.000000,
                             0.000038, 6.823627,-0.000008, 1.000000;;
                          }
                          Frame Armature_mixamorig_LeftHandMiddle4 {
                            FrameTransformMatrix {
                               1.000000,-0.000000, 0.000000, 0.000000,
                               0.000000, 1.000000,-0.000000, 0.000000,
                              -0.000000, 0.000000, 1.000000, 0.000000,
                               0.000036, 7.392713,-0.000054, 1.000000;;
                            }
                          } // End of Armature_mixamorig_LeftHandMiddle4
                        } // End of Armature_mixamorig_LeftHandMiddle3
                      } // End of Armature_mixamorig_LeftHandMiddle2
                    } // End of Armature_mixamorig_LeftHandMiddle1
                    Frame Armature_mixamorig_LeftHandPinky1 {
                      FrameTransformMatrix {
                         0.996257,-0.085854,-0.010089, 0.000000,
                         0.076958, 0.827710, 0.555854, 0.000000,
                        -0.039371,-0.554550, 0.831219, 0.000000,
                         8.780951,21.905823, 0.441011, 1.000000;;
                      }
                      Frame Armature_mixamorig_LeftHandPinky2 {
                        FrameTransformMatrix {
                           0.999512,-0.030855,-0.004771, 0.000000,
                           0.030856, 0.952869, 0.301811, 0.000000,
                          -0.004766,-0.301811, 0.953356, 0.000000,
                           0.000017, 6.536716,-0.000000, 1.000000;;
                        }
                        Frame Armature_mixamorig_LeftHandPinky3 {
                          FrameTransformMatrix {
                             0.999512,-0.030858,-0.004766, 0.000000,
                             0.030857, 0.952877, 0.301784, 0.000000,
                            -0.004771,-0.301784, 0.953364, 0.000000,
                            -0.000025, 4.149042,-0.000008, 1.000000;;
                          }
                          Frame Armature_mixamorig_LeftHandPinky4 {
                            FrameTransformMatrix {
                               1.000000,-0.000000, 0.000000, 0.000000,
                               0.000000, 1.000000,-0.000000, 0.000000,
                               0.000000, 0.000000, 1.000000, 0.000000,
                               0.000016, 5.563538,-0.000003, 1.000000;;
                            }
                          } // End of Armature_mixamorig_LeftHandPinky4
                        } // End of Armature_mixamorig_LeftHandPinky3
                      } // End of Armature_mixamorig_LeftHandPinky2
                    } // End of Armature_mixamorig_LeftHandPinky1
                    Frame Armature_mixamorig_LeftHandRing1 {
                      FrameTransformMatrix {
                         0.992803,-0.116199,-0.028991, 0.000000,
                         0.114892, 0.855785, 0.504412, 0.000000,
                        -0.033802,-0.504112, 0.862977, 0.000000,
                         4.241031,25.484125,-0.079270, 1.000000;;
                      }
                      Frame Armature_mixamorig_LeftHandRing2 {
                        FrameTransformMatrix {
                           0.999400,-0.034143,-0.005871, 0.000000,
                           0.034143, 0.941975, 0.333942, 0.000000,
                          -0.005871,-0.333942, 0.942575, 0.000000,
                          -0.000032, 6.309839, 0.000021, 1.000000;;
                        }
                        Frame Armature_mixamorig_LeftHandRing3 {
                          FrameTransformMatrix {
                             0.999273,-0.037464,-0.007112, 0.000000,
                             0.037464, 0.929700, 0.366406, 0.000000,
                            -0.007115,-0.366406, 0.930428, 0.000000,
                            -0.000006, 6.359573, 0.000005, 1.000000;;
                          }
                          Frame Armature_mixamorig_LeftHandRing4 {
                            FrameTransformMatrix {
                               1.000000, 0.000001,-0.000001, 0.000000,
                              -0.000002, 1.000000, 0.000000, 0.000000,
                               0.000002,-0.000000, 1.000000, 0.000000,
                              -0.000042, 7.037823, 0.000035, 1.000000;;
                            }
                          } // End of Armature_mixamorig_LeftHandRing4
                        } // End of Armature_mixamorig_LeftHandRing3
                      } // End of Armature_mixamorig_LeftHandRing2
                    } // End of Armature_mixamorig_LeftHandRing1
                    Frame Armature_mixamorig_LeftHandThumb1 {
                      FrameTransformMatrix {
                         0.928614, 0.365862, 0.061810, 0.000000,
                        -0.365087, 0.871196, 0.328219, 0.000000,
                         0.066234,-0.327355, 0.942577, 0.000000,
                        -6.128802,11.123110, 3.291501, 1.000000;;
                      }
                      Frame Armature_mixamorig_LeftHandThumb2 {
                        FrameTransformMatrix {
                           0.984135,-0.176844, 0.014288, 0.000000,
                           0.177364, 0.978587,-0.104452, 0.000000,
                           0.004490, 0.105329, 0.994427, 0.000000,
                          -0.000005,11.224325, 0.000001, 1.000000;;
                        }
                        Frame Armature_mixamorig_LeftHandThumb3 {
                          FrameTransformMatrix {
                             0.973281, 0.038997,-0.226283, 0.000000,
                            -0.104092, 0.953330,-0.283420, 0.000000,
                             0.204670, 0.299402, 0.931917, 0.000000,
                            -0.000018, 8.955550, 0.000034, 1.000000;;
                          }
                          Frame Armature_mixamorig_LeftHandThumb4 {
                            FrameTransformMatrix {
                               1.000000,-0.000000,-0.000000, 0.000000,
                              -0.000000, 1.000000, 0.000000, 0.000000,
                               0.000000,-0.000000, 1.000000, 0.000000,
                               0.000039, 5.794511,-0.000004, 1.000000;;
                            }
                          } // End of Armature_mixamorig_LeftHandThumb4
                        } // End of Armature_mixamorig_LeftHandThumb3
                      } // End of Armature_mixamorig_LeftHandThumb2
                    } // End of Armature_mixamorig_LeftHandThumb1
                  } // End of Armature_mixamorig_LeftHand
                } // End of Armature_mixamorig_LeftForeArm
              } // End of Armature_mixamorig_LeftArm
            } // End of Armature_mixamorig_LeftShoulder
            Frame Armature_mixamorig_Neck {
              FrameTransformMatrix {
                 0.993788,-0.072236,-0.084665, 0.000000,
                 0.084196, 0.985474, 0.147485, 0.000000,
                 0.072782,-0.153697, 0.985434, 0.000000,
                 0.000002,31.294125, 0.000013, 1.000000;;
              }
              Frame Armature_mixamorig_Head {
                FrameTransformMatrix {
                   0.981438,-0.108523,-0.158123, 0.000000,
                   0.092031, 0.989866,-0.108147, 0.000000,
                   0.168257, 0.091588, 0.981479, 0.000000,
                   0.000000,23.188978, 0.000021, 1.000000;;
                }
                Frame Armature_mixamorig_HeadTop_End {
                  FrameTransformMatrix {
                     1.000000, 0.000000,-0.000000, 0.000000,
                    -0.000000, 1.000000, 0.000000, 0.000000,
                     0.000000,-0.000000, 1.000000, 0.000000,
                    -1.639805,39.777489,-0.361084, 1.000000;;
                  }
                } // End of Armature_mixamorig_HeadTop_End
                Frame Armature_mixamorig_LeftEye {
                  FrameTransformMatrix {
                     1.000000, 0.000000,-0.000000, 0.000000,
                    -0.000000, 1.000000, 0.000000, 0.000000,
                     0.000000,-0.000000, 1.000000, 0.000000,
                     5.295354,21.026077,11.309825, 1.000000;;
                  }
                } // End of Armature_mixamorig_LeftEye
                Frame Armature_mixamorig_RightEye {
                  FrameTransformMatrix {
                     1.000000, 0.000000,-0.000000, 0.000000,
                    -0.000000, 1.000000, 0.000000, 0.000000,
                     0.000000,-0.000000, 1.000000, 0.000000,
                    -6.881476,20.142977,11.252142, 1.000000;;
                  }
                } // End of Armature_mixamorig_RightEye
              } // End of Armature_mixamorig_Head
            } // End of Armature_mixamorig_Neck
            Frame Armature_mixamorig_RightShoulder {
              FrameTransformMatrix {
                -0.159585, 0.059466, 0.985391, 0.000000,
                -0.956189,-0.257475,-0.139318, 0.000000,
                 0.245429,-0.964453, 0.097950, 0.000000,
                -12.989571,19.103458,-0.116239, 1.000000;;
              }
              Frame Armature_mixamorig_RightArm {
                FrameTransformMatrix {
                   0.888712,-0.369249, 0.271748, 0.000000,
                  -0.048378, 0.513894, 0.856488, 0.000000,
                  -0.455907,-0.774318, 0.438840, 0.000000,
                  -0.000005,26.891945, 0.000034, 1.000000;;
                }
                Frame Armature_mixamorig_RightForeArm {
                  FrameTransformMatrix {
                     0.986188,-0.165629, 0.000000, 0.000000,
                     0.165629, 0.986188,-0.000002, 0.000000,
                    -0.000000, 0.000002, 1.000000, 0.000000,
                     0.000002,55.842682,-0.000021, 1.000000;;
                  }
                  Frame Armature_mixamorig_RightHand {
                    FrameTransformMatrix {
                       0.988125, 0.104398, 0.112735, 0.000000,
                      -0.138732, 0.921575, 0.362565, 0.000000,
                      -0.066043,-0.373900, 0.925115, 0.000000,
                       0.000032,50.313698, 0.000032, 1.000000;;
                    }
                    Frame Armature_mixamorig_RightHandIndex1 {
                      FrameTransformMatrix {
                         0.997761,-0.059131,-0.031260, 0.000000,
                         0.066082, 0.943710, 0.324106, 0.000000,
                         0.010336,-0.325446, 0.945504, 0.000000,
                         5.106663,26.603050, 0.546337, 1.000000;;
                      }
                      Frame Armature_mixamorig_RightHandIndex2 {
                        FrameTransformMatrix {
                           0.999437, 0.032837, 0.006923, 0.000000,
                          -0.032837, 0.914336, 0.403623, 0.000000,
                           0.006923,-0.403623, 0.914899, 0.000000,
                          -0.000004, 7.092141, 0.000003, 1.000000;;
                        }
                        Frame Armature_mixamorig_RightHandIndex3 {
                          FrameTransformMatrix {
                             0.999888, 0.014902, 0.001377, 0.000000,
                            -0.014902, 0.982968, 0.183171, 0.000000,
                             0.001376,-0.183171, 0.983080, 0.000000,
                             0.000029, 7.414441,-0.000012, 1.000000;;
                          }
                          Frame Armature_mixamorig_RightHandIndex4 {
                            FrameTransformMatrix {
                               1.000000, 0.000000, 0.000000, 0.000000,
                              -0.000000, 1.000000,-0.000000, 0.000000,
                              -0.000000,-0.000000, 1.000000, 0.000000,
                               0.000042, 5.522511,-0.000014, 1.000000;;
                            }
                          } // End of Armature_mixamorig_RightHandIndex4
                        } // End of Armature_mixamorig_RightHandIndex3
                      } // End of Armature_mixamorig_RightHandIndex2
                    } // End of Armature_mixamorig_RightHandIndex1
                    Frame Armature_mixamorig_RightHandMiddle1 {
                      FrameTransformMatrix {
                         0.999801, 0.016045,-0.011840, 0.000000,
                        -0.011344, 0.945970, 0.324054, 0.000000,
                         0.016400,-0.323856, 0.945964, 0.000000,
                         0.000020,26.065552,-0.000039, 1.000000;;
                      }
                      Frame Armature_mixamorig_RightHandMiddle2 {
                        FrameTransformMatrix {
                           0.998794, 0.046811, 0.014828, 0.000000,
                          -0.046811, 0.816537, 0.575392, 0.000000,
                           0.014827,-0.575392, 0.817744, 0.000000,
                           0.000044, 6.159954,-0.000016, 1.000000;;
                        }
                        Frame Armature_mixamorig_RightHandMiddle3 {
                          FrameTransformMatrix {
                             0.999586, 0.028325, 0.005091, 0.000000,
                            -0.028325, 0.937004, 0.348168, 0.000000,
                             0.005091,-0.348168, 0.937418, 0.000000,
                             0.000035, 7.279112, 0.000020, 1.000000;;
                          }
                          Frame Armature_mixamorig_RightHandMiddle4 {
                            FrameTransformMatrix {
                               1.000000, 0.000000, 0.000000, 0.000000,
                              -0.000000, 1.000000,-0.000000, 0.000000,
                               0.000000,-0.000000, 1.000000, 0.000000,
                              -0.000042, 7.459955,-0.000002, 1.000000;;
                            }
                          } // End of Armature_mixamorig_RightHandMiddle4
                        } // End of Armature_mixamorig_RightHandMiddle3
                      } // End of Armature_mixamorig_RightHandMiddle2
                    } // End of Armature_mixamorig_RightHandMiddle1
                    Frame Armature_mixamorig_RightHandPinky1 {
                      FrameTransformMatrix {
                         0.997489, 0.070641, 0.005057, 0.000000,
                        -0.065165, 0.887509, 0.456159, 0.000000,
                         0.027736,-0.455343, 0.889884, 0.000000,
                        -8.541083,20.989365, 0.497743, 1.000000;;
                      }
                      Frame Armature_mixamorig_RightHandPinky2 {
                        FrameTransformMatrix {
                           0.999224, 0.038206, 0.009543, 0.000000,
                          -0.038208, 0.881930, 0.469829, 0.000000,
                           0.009534,-0.469829, 0.882706, 0.000000,
                           0.000055, 5.939579, 0.000004, 1.000000;;
                        }
                        Frame Armature_mixamorig_RightHandPinky3 {
                          FrameTransformMatrix {
                             0.999765, 0.021504, 0.002894, 0.000000,
                            -0.021504, 0.964198, 0.264310, 0.000000,
                             0.002894,-0.264310, 0.964433, 0.000000,
                            -0.000010, 3.764711,-0.000008, 1.000000;;
                          }
                          Frame Armature_mixamorig_RightHandPinky4 {
                            FrameTransformMatrix {
                               1.000000, 0.000002,-0.000002, 0.000000,
                              -0.000002, 1.000000, 0.000010, 0.000000,
                               0.000002,-0.000010, 1.000000, 0.000000,
                              -0.000004, 6.370447,-0.000021, 1.000000;;
                            }
                          } // End of Armature_mixamorig_RightHandPinky4
                        } // End of Armature_mixamorig_RightHandPinky3
                      } // End of Armature_mixamorig_RightHandPinky2
                    } // End of Armature_mixamorig_RightHandPinky1
                    Frame Armature_mixamorig_RightHandRing1 {
                      FrameTransformMatrix {
                         0.998508, 0.054605, 0.000275, 0.000000,
                        -0.050551, 0.922428, 0.382845, 0.000000,
                         0.020651,-0.382288, 0.923813, 0.000000,
                        -3.983932,24.087231,-0.001364, 1.000000;;
                      }
                      Frame Armature_mixamorig_RightHandRing2 {
                        FrameTransformMatrix {
                           0.997875, 0.059693, 0.026120, 0.000000,
                          -0.059693, 0.676812, 0.733732, 0.000000,
                           0.026120,-0.733732, 0.678937, 0.000000,
                           0.000000, 6.857475,-0.000005, 1.000000;;
                        }
                        Frame Armature_mixamorig_RightHandRing3 {
                          FrameTransformMatrix {
                             0.999473, 0.031802, 0.006475, 0.000000,
                            -0.031802, 0.919879, 0.390912, 0.000000,
                             0.006476,-0.390911, 0.920406, 0.000000,
                             0.000045, 6.835498, 0.000029, 1.000000;;
                          }
                          Frame Armature_mixamorig_RightHandRing4 {
                            FrameTransformMatrix {
                               1.000000,-0.000002, 0.000002, 0.000000,
                               0.000002, 1.000000,-0.000005, 0.000000,
                              -0.000002, 0.000005, 1.000000, 0.000000,
                               0.000000, 6.017155, 0.000019, 1.000000;;
                            }
                          } // End of Armature_mixamorig_RightHandRing4
                        } // End of Armature_mixamorig_RightHandRing3
                      } // End of Armature_mixamorig_RightHandRing2
                    } // End of Armature_mixamorig_RightHandRing1
                    Frame Armature_mixamorig_RightHandThumb1 {
                      FrameTransformMatrix {
                         0.935771,-0.352538, 0.007039, 0.000000,
                         0.307482, 0.825620, 0.473082, 0.000000,
                        -0.172590,-0.440532, 0.880991, 0.000000,
                         6.157072, 9.501962, 3.930009, 1.000000;;
                      }
                      Frame Armature_mixamorig_RightHandThumb2 {
                        FrameTransformMatrix {
                           0.936590, 0.350408, 0.003760, 0.000000,
                          -0.345643, 0.925513,-0.154778, 0.000000,
                          -0.057715, 0.143663, 0.987942, 0.000000,
                          -0.000004,10.349125,-0.000003, 1.000000;;
                        }
                        Frame Armature_mixamorig_RightHandThumb3 {
                          FrameTransformMatrix {
                             0.985242,-0.108352,-0.132504, 0.000000,
                             0.063478, 0.950227,-0.305023, 0.000000,
                             0.158959, 0.292111, 0.943082, 0.000000,
                            -0.000031, 8.574718,-0.000035, 1.000000;;
                          }
                          Frame Armature_mixamorig_RightHandThumb4 {
                            FrameTransformMatrix {
                               1.000000, 0.000002,-0.000001, 0.000000,
                              -0.000002, 1.000000, 0.000004, 0.000000,
                               0.000001,-0.000004, 1.000000, 0.000000,
                               0.000002, 6.138892, 0.000001, 1.000000;;
                            }
                          } // End of Armature_mixamorig_RightHandThumb4
                        } // End of Armature_mixamorig_RightHandThumb3
                      } // End of Armature_mixamorig_RightHandThumb2
                    } // End of Armature_mixamorig_RightHandThumb1
                  } // End of Armature_mixamorig_RightHand
                } // End of Armature_mixamorig_RightForeArm
              } // End of Armature_mixamorig_RightArm
            } // End of Armature_mixamorig_RightShoulder
          } // End of Armature_mixamorig_Spine2
        } // End of Armature_mixamorig_Spine1
      } // End of Armature_mixamorig_Spine
    } // End of Armature_mixamorig_Hips
    Frame Body {
      FrameTransformMatrix {
         1.000000, 0.000000, 0.000000, 0.000000,
         0.000000, 1.000000, 0.000000, 0.000000,
         0.000000, 0.000000, 1.000000, 0.000000,
        -0.000009, 0.000017, 0.000000, 1.000000;;
      }
    } // End of Body
    Frame Bottoms {
      FrameTransformMatrix {
         1.000000,-0.000000, 0.000000, 0.000000,
        -0.000000, 1.000000,-0.000000, 0.000000,
         0.000000,-0.000000, 1.000000, 0.000000,
         0.000000, 0.000000, 0.000000, 1.000000;;
      }
    } // End of Bottoms
    Frame Eyelashes {
      FrameTransformMatrix {
         1.000000,-0.000000, 0.000000, 0.000000,
        -0.000000, 1.000000,-0.000000, 0.000000,
         0.000000, 0.000000, 1.000000, 0.000000,
         0.000001,-0.000002,-0.000007, 1.000000;;
      }
    } // End of Eyelashes
    Frame Eyes {
      FrameTransformMatrix {
         1.000000,-0.000000, 0.000000, 0.000000,
        -0.000000, 1.000000,-0.000000, 0.000000,
         0.000000, 0.000000, 1.000000, 0.000000,
         0.000001,-0.000002,-0.000007, 1.000000;;
      }
    } // End of Eyes
    Frame Hair {
      FrameTransformMatrix {
         1.000000,-0.000000, 0.000000, 0.000000,
        -0.000000, 1.000000,-0.000000, 0.000000,
         0.000000, 0.000000, 1.000000, 0.000000,
         0.000001,-0.000002,-0.000007, 1.000000;;
      }
    } // End of Hair
    Frame Shoes {
      FrameTransformMatrix {
         1.000000,-0.000000, 0.000000, 0.000000,
        -0.000000, 1.000000,-0.000000, 0.000000,
         0.000000,-0.000000, 1.000000, 0.000000,
         0.000000, 0.000000, 0.000000, 1.000000;;
      }
    } // End of Shoes
    Frame Tops {
      FrameTransformMatrix {
         1.000000, 0.000000, 0.000000, 0.000000,
         0.000000, 1.000000, 0.000000, 0.000000,
         0.000000, 0.000000, 1.000000, 0.000000,
        -0.000000, 0.000002, 0.000000, 1.000000;;
      }
    } // End of Tops
  } // End of Armature
} // End of Root
AnimationSet Global {
  Animation {
    {Armature}
    AnimationKey { // Rotation
      0;
      63;
      0;4;-0.707107, 0.707107, 0.000000, 0.000000;;,
      1;4;-0.707107, 0.707107, 0.000000, 0.000000;;,
      2;4;-0.707107, 0.707107, 0.000000, 0.000000;;,
      3;4;-0.707107, 0.707107, 0.000000, 0.000000;;,
      4;4;-0.707107, 0.707107, 0.000000, 0.000000;;,
      5;4;-0.707107, 0.707107, 0.000000, 0.000000;;,
      6;4;-0.707107, 0.707107, 0.000000, 0.000000;;,
      7;4;-0.707107, 0.707107, 0.000000, 0.000000;;,
      8;4;-0.707107, 0.707107, 0.000000, 0.000000;;,
      9;4;-0.707107, 0.707107, 0.000000, 0.000000;;,
      10;4;-0.707107, 0.707107, 0.000000, 0.000000;;,
      11;4;-0.707107, 0.707107, 0.000000, 0.000000;;,
      12;4;-0.707107, 0.707107, 0.000000, 0.000000;;,
      13;4;-0.707107, 0.707107, 0.000000, 0.000000;;,
      14;4;-0.707107, 0.707107, 0.000000, 0.000000;;,
      15;4;-0.707107, 0.707107, 0.000000, 0.000000;;,
      16;4;-0.707107, 0.707107, 0.000000, 0.000000;;,
      17;4;-0.707107, 0.707107, 0.000000, 0.000000;;,
      18;4;-0.707107, 0.707107, 0.000000, 0.000000;;,
      19;4;-0.707107, 0.707107, 0.000000, 0.000000;;,
      20;4;-0.707107, 0.707107, 0.000000, 0.000000;;,
      21;4;-0.707107, 0.707107, 0.000000, 0.000000;;,
      22;4;-0.707107, 0.707107, 0.000000, 0.000000;;,
      23;4;-0.707107, 0.707107, 0.000000, 0.000000;;,
      24;4;-0.707107, 0.707107, 0.000000, 0.000000;;,
      25;4;-0.707107, 0.707107, 0.000000, 0.000000;;,
      26;4;-0.707107, 0.707107, 0.000000, 0.000000;;,
      27;4;-0.707107, 0.707107, 0.000000, 0.000000;;,
      28;4;-0.707107, 0.707107, 0.000000, 0.000000;;,
      29;4;-0.707107, 0.707107, 0.000000, 0.000000;;,
      30;4;-0.707107, 0.707107, 0.000000, 0.000000;;,
      31;4;-0.707107, 0.707107, 0.000000, 0.000000;;,
      32;4;-0.707107, 0.707107, 0.000000, 0.000000;;,
      33;4;-0.707107, 0.707107, 0.000000, 0.000000;;,
      34;4;-0.707107, 0.707107, 0.000000, 0.000000;;,
      35;4;-0.707107, 0.707107, 0.000000, 0.000000;;,
      36;4;-0.707107, 0.707107, 0.000000, 0.000000;;,
      37;4;-0.707107, 0.707107, 0.000000, 0.000000;;,
      38;4;-0.707107, 0.707107, 0.000000, 0.000000;;,
      39;4;-0.707107, 0.707107, 0.000000, 0.000000;;,
      40;4;-0.707107, 0.707107, 0.000000, 0.000000;;,
      41;4;-0.707107, 0.707107, 0.000000, 0.000000;;,
      42;4;-0.707107, 0.707107, 0.000000, 0.000000;;,
      43;4;-0.707107, 0.707107, 0.000000, 0.000000;;,
      44;4;-0.707107, 0.707107, 0.000000, 0.000000;;,
      45;4;-0.707107, 0.707107, 0.000000, 0.000000;;,
      46;4;-0.707107, 0.707107, 0.000000, 0.000000;;,
      47;4;-0.707107, 0.707107, 0.000000, 0.000000;;,
      48;4;-0.707107, 0.707107, 0.000000, 0.000000;;,
      49;4;-0.707107, 0.707107, 0.000000, 0.000000;;,
      50;4;-0.707107, 0.707107, 0.000000, 0.000000;;,
      51;4;-0.707107, 0.707107, 0.000000, 0.000000;;,
      52;4;-0.707107, 0.707107, 0.000000, 0.000000;;,
      53;4;-0.707107, 0.707107, 0.000000, 0.000000;;,
      54;4;-0.707107, 0.707107, 0.000000, 0.000000;;,
      55;4;-0.707107, 0.707107, 0.000000, 0.000000;;,
      56;4;-0.707107, 0.707107, 0.000000, 0.000000;;,
      57;4;-0.707107, 0.707107, 0.000000, 0.000000;;,
      58;4;-0.707107, 0.707107, 0.000000, 0.000000;;,
      59;4;-0.707107, 0.707107, 0.000000, 0.000000;;,
      60;4;-0.707107, 0.707107, 0.000000, 0.000000;;,
      61;4;-0.707107, 0.707107, 0.000000, 0.000000;;,
      62;4;-0.707107, 0.707107, 0.000000, 0.000000;;;
    }
    AnimationKey { // Scale
      1;
      63;
      0;3; 0.045000, 0.045000, 0.045000;;,
      1;3; 0.045000, 0.045000, 0.045000;;,
      2;3; 0.045000, 0.045000, 0.045000;;,
      3;3; 0.045000, 0.045000, 0.045000;;,
      4;3; 0.045000, 0.045000, 0.045000;;,
      5;3; 0.045000, 0.045000, 0.045000;;,
      6;3; 0.045000, 0.045000, 0.045000;;,
      7;3; 0.045000, 0.045000, 0.045000;;,
      8;3; 0.045000, 0.045000, 0.045000;;,
      9;3; 0.045000, 0.045000, 0.045000;;,
      10;3; 0.045000, 0.045000, 0.045000;;,
      11;3; 0.045000, 0.045000, 0.045000;;,
      12;3; 0.045000, 0.045000, 0.045000;;,
      13;3; 0.045000, 0.045000, 0.045000;;,
      14;3; 0.045000, 0.045000, 0.045000;;,
      15;3; 0.045000, 0.045000, 0.045000;;,
      16;3; 0.045000, 0.045000, 0.045000;;,
      17;3; 0.045000, 0.045000, 0.045000;;,
      18;3; 0.045000, 0.045000, 0.045000;;,
      19;3; 0.045000, 0.045000, 0.045000;;,
      20;3; 0.045000, 0.045000, 0.045000;;,
      21;3; 0.045000, 0.045000, 0.045000;;,
      22;3; 0.045000, 0.045000, 0.045000;;,
      23;3; 0.045000, 0.045000, 0.045000;;,
      24;3; 0.045000, 0.045000, 0.045000;;,
      25;3; 0.045000, 0.045000, 0.045000;;,
      26;3; 0.045000, 0.045000, 0.045000;;,
      27;3; 0.045000, 0.045000, 0.045000;;,
      28;3; 0.045000, 0.045000, 0.045000;;,
      29;3; 0.045000, 0.045000, 0.045000;;,
      30;3; 0.045000, 0.045000, 0.045000;;,
      31;3; 0.045000, 0.045000, 0.045000;;,
      32;3; 0.045000, 0.045000, 0.045000;;,
      33;3; 0.045000, 0.045000, 0.045000;;,
      34;3; 0.045000, 0.045000, 0.045000;;,
      35;3; 0.045000, 0.045000, 0.045000;;,
      36;3; 0.045000, 0.045000, 0.045000;;,
      37;3; 0.045000, 0.045000, 0.045000;;,
      38;3; 0.045000, 0.045000, 0.045000;;,
      39;3; 0.045000, 0.045000, 0.045000;;,
      40;3; 0.045000, 0.045000, 0.045000;;,
      41;3; 0.045000, 0.045000, 0.045000;;,
      42;3; 0.045000, 0.045000, 0.045000;;,
      43;3; 0.045000, 0.045000, 0.045000;;,
      44;3; 0.045000, 0.045000, 0.045000;;,
      45;3; 0.045000, 0.045000, 0.045000;;,
      46;3; 0.045000, 0.045000, 0.045000;;,
      47;3; 0.045000, 0.045000, 0.045000;;,
      48;3; 0.045000, 0.045000, 0.045000;;,
      49;3; 0.045000, 0.045000, 0.045000;;,
      50;3; 0.045000, 0.045000, 0.045000;;,
      51;3; 0.045000, 0.045000, 0.045000;;,
      52;3; 0.045000, 0.045000, 0.045000;;,
      53;3; 0.045000, 0.045000, 0.045000;;,
      54;3; 0.045000, 0.045000, 0.045000;;,
      55;3; 0.045000, 0.045000, 0.045000;;,
      56;3; 0.045000, 0.045000, 0.045000;;,
      57;3; 0.045000, 0.045000, 0.045000;;,
      58;3; 0.045000, 0.045000, 0.045000;;,
      59;3; 0.045000, 0.045000, 0.045000;;,
      60;3; 0.045000, 0.045000, 0.045000;;,
      61;3; 0.045000, 0.045000, 0.045000;;,
      62;3; 0.045000, 0.045000, 0.045000;;;
    }
    AnimationKey { // Position
      2;
      63;
      0;3; 0.000000, 0.000000, 0.000000;;,
      1;3; 0.000000, 0.000000, 0.000000;;,
      2;3; 0.000000, 0.000000, 0.000000;;,
      3;3; 0.000000, 0.000000, 0.000000;;,
      4;3; 0.000000, 0.000000, 0.000000;;,
      5;3; 0.000000, 0.000000, 0.000000;;,
      6;3; 0.000000, 0.000000, 0.000000;;,
      7;3; 0.000000, 0.000000, 0.000000;;,
      8;3; 0.000000, 0.000000, 0.000000;;,
      9;3; 0.000000, 0.000000, 0.000000;;,
      10;3; 0.000000, 0.000000, 0.000000;;,
      11;3; 0.000000, 0.000000, 0.000000;;,
      12;3; 0.000000, 0.000000, 0.000000;;,
      13;3; 0.000000, 0.000000, 0.000000;;,
      14;3; 0.000000, 0.000000, 0.000000;;,
      15;3; 0.000000, 0.000000, 0.000000;;,
      16;3; 0.000000, 0.000000, 0.000000;;,
      17;3; 0.000000, 0.000000, 0.000000;;,
      18;3; 0.000000, 0.000000, 0.000000;;,
      19;3; 0.000000, 0.000000, 0.000000;;,
      20;3; 0.000000, 0.000000, 0.000000;;,
      21;3; 0.000000, 0.000000, 0.000000;;,
      22;3; 0.000000, 0.000000, 0.000000;;,
      23;3; 0.000000, 0.000000, 0.000000;;,
      24;3; 0.000000, 0.000000, 0.000000;;,
      25;3; 0.000000, 0.000000, 0.000000;;,
