xof 0303txt 0032

template XSkinMeshHeader {
  <3cf169ce-ff7c-44ab-93c0-f78f62d172e2>
  WORD nMaxSkinWeightsPerVertex;
  WORD nMaxSkinWeightsPerFace;
  WORD nBones;
}

template SkinWeights {
  <6f0d123b-bad2-4167-a0d0-80224f25fabb>
  STRING transformNodeName;
  DWORD nWeights;
  array DWORD vertexIndices[nWeights];
  array float weights[nWeights];
  Matrix4x4 matrixOffset;
}

Frame Root {
  FrameTransformMatrix {
     1.000000, 0.000000, 0.000000, 0.000000,
     0.000000,-0.000000,-1.000000, 0.000000,
     0.000000, 1.000000,-0.000000, 0.000000,
     0.000000, 0.000000, 0.000000, 1.000000;;
  }
  Frame CharacterArmature {
    FrameTransformMatrix {
       1.000000, 0.000000, 0.000000, 0.000000,
       0.000000, 1.000000,-0.000000, 0.000000,
       0.000000, 0.000000, 1.000000, 0.000000,
       0.000000, 0.000000, 0.000000, 1.000000;;
    }
    Frame CharacterArmature_Root {
      FrameTransformMatrix {
         1.000000, 0.000000, 0.000000, 0.000000,
         0.000000,-0.000000, 1.000000, 0.000000,
         0.000000,-1.000000,-0.000000, 0.000000,
         0.000000,-0.072289, 0.000000, 1.000000;;
      }
      Frame CharacterArmature_Body {
        FrameTransformMatrix {
           1.000000,-0.000001, 0.000000, 0.000000,
           0.000000, 0.017464,-0.999847, 0.000000,
           0.000001, 0.999847, 0.017464, 0.000000,
           0.000453, 0.072275,-0.723119, 1.000000;;
        }
        Frame CharacterArmature_Hips {
          FrameTransformMatrix {
             1.000000,-0.000000, 0.000001, 0.000000,
             0.000000, 0.990359,-0.138524, 0.000000,
            -0.000001, 0.138524, 0.990359, 0.000000,
            -0.000797, 0.028695, 0.033075, 1.000000;;
          }
          Frame CharacterArmature_Abdomen {
            FrameTransformMatrix {
               1.000000, 0.000000,-0.000001, 0.000000,
              -0.000000, 0.995434, 0.095454, 0.000000,
               0.000001,-0.095454, 0.995433, 0.000000,
              -0.000000, 0.106105,-0.000000, 1.000000;;
            }
            Frame CharacterArmature_Torso {
              FrameTransformMatrix {
                 1.000000,-0.000000, 0.000002, 0.000000,
                -0.000000, 0.998486, 0.055013, 0.000000,
                -0.000002,-0.055013, 0.998486, 0.000000,
                 0.000000, 0.162004, 0.000000, 1.000000;;
              }
              Frame CharacterArmature_Chest {
                FrameTransformMatrix {
                   1.000000,-0.000000, 0.000000, 0.000000,
                   0.000000, 0.999974, 0.007273, 0.000000,
                  -0.000000,-0.007273, 0.999974, 0.000000,
                  -0.000000, 0.216292, 0.000000, 1.000000;;
                }
                Frame CharacterArmature_Neck {
                  FrameTransformMatrix {
                     1.000000, 0.000000,-0.000003, 0.000000,
                     0.000000, 0.979642, 0.200749, 0.000000,
                     0.000003,-0.200749, 0.979643, 0.000000,
                    -0.000000, 0.133251, 0.000000, 1.000000;;
                  }
                  Frame CharacterArmature_Head {
                    FrameTransformMatrix {
                       0.999997, 0.002026, 0.000653, 0.000000,
                      -0.001901, 0.987967,-0.154654, 0.000000,
                      -0.000959, 0.154653, 0.987968, 0.000000,
                      -0.000000, 0.076729, 0.000000, 1.000000;;
                    }
                    Frame CharacterArmature_Head_end {
                      FrameTransformMatrix {
                         1.000000,-0.000000,-0.000000, 0.000000,
                         0.000000, 1.000000, 0.000000, 0.000000,
                         0.000000,-0.000000, 1.000000, 0.000000,
                         0.000000, 0.254273, 0.000000, 1.000000;;
                      }
                      Frame CharacterArmature_Head_end_end {
                        FrameTransformMatrix {
                           1.000000,-0.000000, 0.000000, 0.000000,
                           0.000000, 1.000000,-0.000000, 0.000000,
                          -0.000000, 0.000000, 1.000000, 0.000000,
                           0.000000, 0.254273, 0.000000, 1.000000;;
                        }
                      } // End of CharacterArmature_Head_end_end
                    } // End of CharacterArmature_Head_end
                  } // End of CharacterArmature_Head
                } // End of CharacterArmature_Neck
                Frame CharacterArmature_Shoulder_L {
                  FrameTransformMatrix {
                    -0.434837, 0.708280, 0.556109, 0.000000,
                     0.824972, 0.560907,-0.069323, 0.000000,
                    -0.361025, 0.428630,-0.828214, 0.000000,
                     0.098735, 0.029017, 0.021276, 1.000000;;
                  }
                  Frame CharacterArmature_UpperArm_L {
                    FrameTransformMatrix {
                      -0.096622,-0.217985,-0.971157, 0.000000,
                      -0.601170, 0.790420,-0.117605, 0.000000,
                       0.793258, 0.572467,-0.207418, 0.000000,
                      -0.000000, 0.065633, 0.000000, 1.000000;;
                    }
                    Frame CharacterArmature_LowerArm_L {
                      FrameTransformMatrix {
                         0.936137,-0.185694,-0.298606, 0.000000,
                         0.224372, 0.969294, 0.100636, 0.000000,
                         0.270750,-0.161208, 0.949056, 0.000000,
                        -0.000000, 0.181908,-0.000000, 1.000000;;
                      }
                      Frame CharacterArmature_Wrist_L {
                        FrameTransformMatrix {
                           0.871643, 0.081834,-0.483261, 0.000000,
                          -0.093868, 0.995584,-0.000718, 0.000000,
                           0.481068, 0.045989, 0.875476, 0.000000,
                          -0.000000, 0.235280, 0.000000, 1.000000;;
                        }
                        Frame CharacterArmature_Index1_L {
                          FrameTransformMatrix {
                             0.982179,-0.186051,-0.026653, 0.000000,
                             0.185547, 0.982426,-0.020291, 0.000000,
                             0.029960, 0.014984, 0.999439, 0.000000,
                            -0.000000, 0.028038,-0.000000, 1.000000;;
                          }
                          Frame CharacterArmature_Index2_L {
                            FrameTransformMatrix {
                               0.988944, 0.136235, 0.058563, 0.000000,
                              -0.130979, 0.987667,-0.085784, 0.000000,
                              -0.069527, 0.077165, 0.994591, 0.000000,
                               0.000000, 0.124368, 0.000000, 1.000000;;
                            }
                            Frame CharacterArmature_Index3_L {
                              FrameTransformMatrix {
                                 0.998473, 0.048087,-0.027183, 0.000000,
                                -0.051772, 0.986238,-0.157016, 0.000000,
                                 0.019258, 0.158184, 0.987222, 0.000000,
                                 0.000000, 0.032754, 0.000000, 1.000000;;
                              }
                              Frame CharacterArmature_Index4_L {
                                FrameTransformMatrix {
                                   0.999760, 0.009335,-0.019850, 0.000000,
                                  -0.010504, 0.998166,-0.059616, 0.000000,
                                   0.019257, 0.059810, 0.998024, 0.000000,
                                   0.000000, 0.029532, 0.000000, 1.000000;;
                                }
                                Frame CharacterArmature_Index4_L_end {
                                  FrameTransformMatrix {
                                     1.000000, 0.000000, 0.000005, 0.000000,
                                    -0.000000, 1.000000,-0.000004, 0.000000,
                                    -0.000005, 0.000004, 1.000000, 0.000000,
                                    -0.000000, 0.026576,-0.000000, 1.000000;;
                                  }
                                  Frame CharacterArmature_Index4_L_end_end {
                                    FrameTransformMatrix {
                                       1.000000,-0.000001,-0.000000, 0.000000,
                                       0.000001, 1.000000,-0.000000, 0.000000,
                                       0.000000, 0.000000, 1.000000, 0.000000,
                                      -0.000000, 0.026576, 0.000000, 1.000000;;
                                    }
                                  } // End of CharacterArmature_Index4_L_end_end
                                } // End of CharacterArmature_Index4_L_end
                              } // End of CharacterArmature_Index4_L
                            } // End of CharacterArmature_Index3_L
                          } // End of CharacterArmature_Index2_L
                        } // End of CharacterArmature_Index1_L
                        Frame CharacterArmature_Middle1_L {
                          FrameTransformMatrix {
                             0.998675, 0.032800, 0.039664, 0.000000,
                            -0.034797, 0.998105, 0.050753, 0.000000,
                            -0.037924,-0.052066, 0.997923, 0.000000,
                            -0.000000, 0.028038,-0.000000, 1.000000;;
                          }
                          Frame CharacterArmature_Middle2_L {
                            FrameTransformMatrix {
                               0.998630,-0.016827,-0.049554, 0.000000,
                               0.007672, 0.983737,-0.179452, 0.000000,
                               0.051768, 0.178826, 0.982518, 0.000000,
                              -0.000000, 0.123878, 0.000000, 1.000000;;
                            }
                            Frame CharacterArmature_Middle3_L {
                              FrameTransformMatrix {
                                 0.999212,-0.038916,-0.007822, 0.000000,
                                 0.035916, 0.970286,-0.239277, 0.000000,
                                 0.016901, 0.238808, 0.970920, 0.000000,
                                 0.000000, 0.040394,-0.000000, 1.000000;;
                              }
                              Frame CharacterArmature_Middle4_L {
                                FrameTransformMatrix {
                                   0.999584,-0.022586,-0.017916, 0.000000,
                                   0.021887, 0.999027,-0.038283, 0.000000,
                                   0.018763, 0.037875, 0.999106, 0.000000,
                                   0.000000, 0.040372,-0.000000, 1.000000;;
                                }
                                Frame CharacterArmature_Middle4_L_end {
                                  FrameTransformMatrix {
                                     1.000000, 0.000002,-0.000005, 0.000000,
                                    -0.000002, 1.000000, 0.000005, 0.000000,
                                     0.000005,-0.000005, 1.000000, 0.000000,
                                    -0.000000, 0.027364, 0.000000, 1.000000;;
                                  }
                                  Frame CharacterArmature_Middle4_L_end_end {
                                    FrameTransformMatrix {
                                       1.000000,-0.000001, 0.000000, 0.000000,
                                       0.000001, 1.000000,-0.000000, 0.000000,
                                      -0.000000,-0.000000, 1.000000, 0.000000,
                                       0.000000, 0.027364,-0.000000, 1.000000;;
                                    }
                                  } // End of CharacterArmature_Middle4_L_end_end
                                } // End of CharacterArmature_Middle4_L_end
                              } // End of CharacterArmature_Middle4_L
                            } // End of CharacterArmature_Middle3_L
                          } // End of CharacterArmature_Middle2_L
                        } // End of CharacterArmature_Middle1_L
                        Frame CharacterArmature_Pinky1_L {
                          FrameTransformMatrix {
                             0.887178, 0.437246, 0.147415, 0.000000,
                            -0.442146, 0.896943, 0.000524, 0.000000,
                            -0.131994,-0.065644, 0.989075, 0.000000,
                            -0.000000, 0.028038,-0.000000, 1.000000;;
                          }
                          Frame CharacterArmature_Pinky2_L {
                            FrameTransformMatrix {
                               0.883030,-0.357109,-0.304519, 0.000000,
                               0.266176, 0.915480,-0.301740, 0.000000,
                               0.386535, 0.185390, 0.903449, 0.000000,
                              -0.000000, 0.119494,-0.000000, 1.000000;;
                            }
                            Frame CharacterArmature_Pinky3_L {
                              FrameTransformMatrix {
                                 0.992528,-0.035568, 0.116721, 0.000000,
                                 0.056126, 0.982449,-0.177886, 0.000000,
                                -0.108345, 0.183108, 0.977105, 0.000000,
                                 0.000000, 0.026564, 0.000000, 1.000000;;
                              }
                              Frame CharacterArmature_Pinky4_L {
                                FrameTransformMatrix {
                                   0.999309,-0.001459, 0.037132, 0.000000,
                                   0.010046, 0.972631,-0.232136, 0.000000,
                                  -0.035777, 0.232348, 0.971974, 0.000000,
                                  -0.000000, 0.027583,-0.000000, 1.000000;;
                                }
                                Frame CharacterArmature_Pinky4_L_end {
                                  FrameTransformMatrix {
                                     1.000000,-0.000003, 0.000012, 0.000000,
                                     0.000003, 1.000000,-0.000016, 0.000000,
                                    -0.000012, 0.000016, 1.000000, 0.000000,
                                     0.000000, 0.022030, 0.000000, 1.000000;;
                                  }
                                  Frame CharacterArmature_Pinky4_L_end_end {
                                    FrameTransformMatrix {
                                       1.000000,-0.000000,-0.000000, 0.000000,
                                       0.000000, 1.000000,-0.000000, 0.000000,
                                       0.000000,-0.000000, 1.000000, 0.000000,
                                      -0.000000, 0.022030,-0.000000, 1.000000;;
                                    }
                                  } // End of CharacterArmature_Pinky4_L_end_end
                                } // End of CharacterArmature_Pinky4_L_end
                              } // End of CharacterArmature_Pinky4_L
                            } // End of CharacterArmature_Pinky3_L
                          } // End of CharacterArmature_Pinky2_L
                        } // End of CharacterArmature_Pinky1_L
                        Frame CharacterArmature_Ring1_L {
                          FrameTransformMatrix {
                             0.962185, 0.252556, 0.102055, 0.000000,
                            -0.254391, 0.967088, 0.005167, 0.000000,
                            -0.097391,-0.030934, 0.994765, 0.000000,
                            -0.000000, 0.028038,-0.000000, 1.000000;;
                          }
                          Frame CharacterArmature_Ring2_L {
                            FrameTransformMatrix {
                               0.945794,-0.098162,-0.309578, 0.000000,
                               0.045557, 0.983903,-0.172797, 0.000000,
                               0.321556, 0.149327, 0.935042, 0.000000,
                               0.000000, 0.122903, 0.000000, 1.000000;;
                            }
                            Frame CharacterArmature_Ring3_L {
                              FrameTransformMatrix {
                                 0.993325,-0.091715,-0.069951, 0.000000,
                                 0.072702, 0.968635,-0.237614, 0.000000,
                                 0.089550, 0.230943, 0.968837, 0.000000,
                                 0.000000, 0.033939,-0.000000, 1.000000;;
                              }
                              Frame CharacterArmature_Ring4_L {
                                FrameTransformMatrix {
                                   0.998078,-0.019432,-0.058854, 0.000000,
                                   0.010384, 0.988585,-0.150304, 0.000000,
                                   0.061103, 0.149403, 0.986887, 0.000000,
                                  -0.000000, 0.033178,-0.000000, 1.000000;;
                                }
                                Frame CharacterArmature_Ring4_L_end {
                                  FrameTransformMatrix {
                                     1.000000,-0.000002, 0.000017, 0.000000,
                                     0.000002, 1.000000,-0.000019, 0.000000,
                                    -0.000017, 0.000019, 1.000000, 0.000000,
                                     0.000000, 0.031505, 0.000000, 1.000000;;
                                  }
                                  Frame CharacterArmature_Ring4_L_end_end {
                                    FrameTransformMatrix {
                                       1.000000, 0.000001,-0.000007, 0.000000,
                                      -0.000001, 1.000000, 0.000008, 0.000000,
                                       0.000007,-0.000008, 1.000000, 0.000000,
                                      -0.000000, 0.031505, 0.000000, 1.000000;;
                                    }
                                  } // End of CharacterArmature_Ring4_L_end_end
                                } // End of CharacterArmature_Ring4_L_end
                              } // End of CharacterArmature_Ring4_L
                            } // End of CharacterArmature_Ring3_L
                          } // End of CharacterArmature_Ring2_L
                        } // End of CharacterArmature_Ring1_L
                        Frame CharacterArmature_Thumb1_L {
                          FrameTransformMatrix {
                             0.682010,-0.632625,-0.366944, 0.000000,
                             0.635704, 0.760868,-0.130234, 0.000000,
                             0.361586,-0.144447, 0.921082, 0.000000,
                            -0.000000, 0.028038,-0.000000, 1.000000;;
                          }
                          Frame CharacterArmature_Thumb2_L {
                            FrameTransformMatrix {
                               0.955720, 0.158136, 0.248177, 0.000000,
                              -0.178502, 0.982004, 0.061681, 0.000000,
                              -0.233957,-0.103250, 0.966749, 0.000000,
                               0.000000, 0.082310, 0.000000, 1.000000;;
                            }
                            Frame CharacterArmature_Thumb3_L {
                              FrameTransformMatrix {
                                 0.964050, 0.250667, 0.088168, 0.000000,
                                -0.230959, 0.954538,-0.188457, 0.000000,
                                -0.131399, 0.161319, 0.978116, 0.000000,
                                 0.000000, 0.032080,-0.000000, 1.000000;;
                              }
                              Frame CharacterArmature_Thumb3_L_end {
                                FrameTransformMatrix {
                                   1.000000,-0.000001, 0.000006, 0.000000,
                                   0.000001, 1.000000,-0.000003, 0.000000,
                                  -0.000006, 0.000003, 1.000000, 0.000000,
                                  -0.000000, 0.033028,-0.000000, 1.000000;;
                                }
                                Frame CharacterArmature_Thumb3_L_end_end {
                                  FrameTransformMatrix {
                                     1.000000,-0.000000,-0.000006, 0.000000,
                                     0.000000, 1.000000, 0.000004, 0.000000,
                                     0.000006,-0.000004, 1.000000, 0.000000,
                                    -0.000000, 0.033028,-0.000000, 1.000000;;
                                  }
                                } // End of CharacterArmature_Thumb3_L_end_end
                              } // End of CharacterArmature_Thumb3_L_end
                            } // End of CharacterArmature_Thumb3_L
                          } // End of CharacterArmature_Thumb2_L
                        } // End of CharacterArmature_Thumb1_L
                      } // End of CharacterArmature_Wrist_L
                    } // End of CharacterArmature_LowerArm_L
                  } // End of CharacterArmature_UpperArm_L
                } // End of CharacterArmature_Shoulder_L
                Frame CharacterArmature_Shoulder_R {
                  FrameTransformMatrix {
                    -0.434837,-0.708280,-0.556108, 0.000000,
                    -0.824972, 0.560906,-0.069322, 0.000000,
                     0.361024, 0.428630,-0.828214, 0.000000,
                    -0.098060, 0.029017, 0.021276, 1.000000;;
                  }
                  Frame CharacterArmature_UpperArm_R {
                    FrameTransformMatrix {
                      -0.096622, 0.217984, 0.971157, 0.000000,
                       0.601170, 0.790419,-0.117605, 0.000000,
                      -0.793258, 0.572467,-0.207418, 0.000000,
                      -0.000000, 0.065633, 0.000000, 1.000000;;
                    }
                    Frame CharacterArmature_LowerArm_R {
                      FrameTransformMatrix {
                         0.936136, 0.185694, 0.298608, 0.000000,
                        -0.224373, 0.969293, 0.100637, 0.000000,
                        -0.270751,-0.161209, 0.949055, 0.000000,
                        -0.000000, 0.181908,-0.000000, 1.000000;;
                      }
                      Frame CharacterArmature_Wrist_R {
                        FrameTransformMatrix {
                           0.871646,-0.081832, 0.483256, 0.000000,
                           0.093869, 0.995585,-0.000724, 0.000000,
                          -0.481063, 0.045994, 0.875479, 0.000000,
                           0.000000, 0.235280,-0.000000, 1.000000;;
                        }
                        Frame CharacterArmature_Index1_R {
                          FrameTransformMatrix {
                             0.982178, 0.186051, 0.026665, 0.000000,
                            -0.185547, 0.982426,-0.020282, 0.000000,
                            -0.029970, 0.014973, 0.999438, 0.000000,
                            -0.000000, 0.028038, 0.000000, 1.000000;;
                          }
                          Frame CharacterArmature_Index2_R {
                            FrameTransformMatrix {
                               0.988894,-0.135975,-0.059991, 0.000000,
                               0.128859, 0.985570,-0.109764, 0.000000,
                               0.074050, 0.100814, 0.992146, 0.000000,
                               0.000000, 0.124367, 0.000000, 1.000000;;
                            }
                            Frame CharacterArmature_Index3_R {
                              FrameTransformMatrix {
                                 0.998517,-0.047250, 0.027036, 0.000000,
                                 0.051288, 0.983014,-0.176220, 0.000000,
                                -0.018250, 0.177345, 0.983979, 0.000000,
                                -0.000000, 0.032754, 0.000000, 1.000000;;
                              }
                              Frame CharacterArmature_Index4_R {
                                FrameTransformMatrix {
                                   0.999760,-0.009337, 0.019837, 0.000000,
                                   0.010506, 0.998165,-0.059628, 0.000000,
                                  -0.019243, 0.059822, 0.998024, 0.000000,
                                   0.000000, 0.029532, 0.000000, 1.000000;;
                                }
                                Frame CharacterArmature_Index4_R_end {
                                  FrameTransformMatrix {
                                     1.000000, 0.000002, 0.000018, 0.000000,
                                    -0.000002, 1.000000, 0.000017, 0.000000,
                                    -0.000018,-0.000017, 1.000000, 0.000000,
                                    -0.000000, 0.026575,-0.000000, 1.000000;;
                                  }
                                  Frame CharacterArmature_Index4_R_end_end {
                                    FrameTransformMatrix {
                                       1.000000,-0.000000,-0.000010, 0.000000,
                                       0.000000, 1.000000,-0.000009, 0.000000,
                                       0.000010, 0.000009, 1.000000, 0.000000,
                                       0.000000, 0.026576, 0.000000, 1.000000;;
                                    }
                                  } // End of CharacterArmature_Index4_R_end_end
                                } // End of CharacterArmature_Index4_R_end
                              } // End of CharacterArmature_Index4_R
                            } // End of CharacterArmature_Index3_R
                          } // End of CharacterArmature_Index2_R
                        } // End of CharacterArmature_Index1_R
                        Frame CharacterArmature_Middle1_R {
                          FrameTransformMatrix {
                             0.998675,-0.032800,-0.039653, 0.000000,
                             0.034797, 0.998104, 0.050763, 0.000000,
                             0.037913,-0.052076, 0.997923, 0.000000,
                            -0.000000, 0.028038, 0.000000, 1.000000;;
                          }
                          Frame CharacterArmature_Middle2_R {
                            FrameTransformMatrix {
                               0.989029,-0.131270, 0.067759, 0.000000,
                               0.142502, 0.968677,-0.203370, 0.000000,
                              -0.038940, 0.210795, 0.976755, 0.000000,
                               0.000000, 0.123878, 0.000000, 1.000000;;
                            }
                            Frame CharacterArmature_Middle3_R {
                              FrameTransformMatrix {
                                 0.999212, 0.038915, 0.007843, 0.000000,
                                -0.035910, 0.970291,-0.239258, 0.000000,
                                -0.016921, 0.238788, 0.970925, 0.000000,
                                -0.000000, 0.040394,-0.000000, 1.000000;;
                              }
                              Frame CharacterArmature_Middle4_R {
                                FrameTransformMatrix {
                                   0.999584, 0.022583, 0.017931, 0.000000,
                                  -0.021883, 0.999028,-0.038269, 0.000000,
                                  -0.018778, 0.037860, 0.999106, 0.000000,
                                   0.000000, 0.040372,-0.000000, 1.000000;;
                                }
                                Frame CharacterArmature_Middle4_R_end {
                                  FrameTransformMatrix {
                                     1.000000, 0.000002,-0.000009, 0.000000,
                                    -0.000002, 1.000000,-0.000009, 0.000000,
                                     0.000009, 0.000009, 1.000000, 0.000000,
                                     0.000000, 0.027364,-0.000000, 1.000000;;
                                  }
                                  Frame CharacterArmature_Middle4_R_end_end {
                                    FrameTransformMatrix {
                                       1.000000,-0.000001, 0.000004, 0.000000,
                                       0.000001, 1.000000, 0.000004, 0.000000,
                                      -0.000004,-0.000004, 1.000000, 0.000000,
                                       0.000000, 0.027364, 0.000000, 1.000000;;
                                    }
                                  } // End of CharacterArmature_Middle4_R_end_end
                                } // End of CharacterArmature_Middle4_R_end
                              } // End of CharacterArmature_Middle4_R
                            } // End of CharacterArmature_Middle3_R
                          } // End of CharacterArmature_Middle2_R
                        } // End of CharacterArmature_Middle1_R
                        Frame CharacterArmature_Pinky1_R {
                          FrameTransformMatrix {
                             0.887179,-0.437245,-0.147409, 0.000000,
                             0.442146, 0.896942, 0.000536, 0.000000,
                             0.131983,-0.065651, 0.989075, 0.000000,
                            -0.000000, 0.028038, 0.000000, 1.000000;;
                          }
                          Frame CharacterArmature_Pinky2_R {
                            FrameTransformMatrix {
                               0.883030, 0.357110, 0.304517, 0.000000,
                              -0.266176, 0.915479,-0.301741, 0.000000,
                              -0.386534, 0.185391, 0.903450, 0.000000,
                               0.000000, 0.119494, 0.000000, 1.000000;;
                            }
                            Frame CharacterArmature_Pinky3_R {
                              FrameTransformMatrix {
                                 0.992528, 0.035568,-0.116725, 0.000000,
                                -0.056127, 0.982449,-0.177892, 0.000000,
                                 0.108349, 0.183114, 0.977103, 0.000000,
                                 0.000000, 0.026564,-0.000000, 1.000000;;
                              }
                              Frame CharacterArmature_Pinky4_R {
                                FrameTransformMatrix {
                                   0.999309, 0.001463,-0.037144, 0.000000,
                                  -0.010052, 0.972628,-0.232150, 0.000000,
                                   0.035787, 0.232363, 0.971970, 0.000000,
                                  -0.000000, 0.027583,-0.000000, 1.000000;;
                                }
                                Frame CharacterArmature_Pinky4_R_end {
                                  FrameTransformMatrix {
                                     1.000000,-0.000000, 0.000001, 0.000000,
                                     0.000000, 1.000000, 0.000001, 0.000000,
                                    -0.000001,-0.000001, 1.000000, 0.000000,
                                     0.000000, 0.022031, 0.000000, 1.000000;;
                                  }
                                  Frame CharacterArmature_Pinky4_R_end_end {
                                    FrameTransformMatrix {
                                       1.000000,-0.000000, 0.000000, 0.000000,
                                       0.000000, 1.000000, 0.000000, 0.000000,
                                      -0.000000, 0.000000, 1.000000, 0.000000,
                                       0.000000, 0.022031,-0.000000, 1.000000;;
                                    }
                                  } // End of CharacterArmature_Pinky4_R_end_end
                                } // End of CharacterArmature_Pinky4_R_end
                              } // End of CharacterArmature_Pinky4_R
                            } // End of CharacterArmature_Pinky3_R
                          } // End of CharacterArmature_Pinky2_R
                        } // End of CharacterArmature_Pinky1_R
                        Frame CharacterArmature_Ring1_R {
                          FrameTransformMatrix {
                             0.962186,-0.252555,-0.102047, 0.000000,
                             0.254391, 0.967088, 0.005179, 0.000000,
                             0.097380,-0.030943, 0.994766, 0.000000,
                            -0.000000, 0.028038, 0.000000, 1.000000;;
                          }
                          Frame CharacterArmature_Ring2_R {
                            FrameTransformMatrix {
                               0.945802, 0.098168, 0.309551, 0.000000,
                              -0.045558, 0.983898,-0.172827, 0.000000,
                              -0.321533, 0.149358, 0.935045, 0.000000,
                              -0.000000, 0.122903,-0.000000, 1.000000;;
                            }
                            Frame CharacterArmature_Ring3_R {
                              FrameTransformMatrix {
                                 0.993324, 0.091711, 0.069971, 0.000000,
                                -0.072696, 0.968641,-0.237596, 0.000000,
                                -0.089567, 0.230923, 0.968841, 0.000000,
                                 0.000000, 0.033939,-0.000000, 1.000000;;
                              }
                              Frame CharacterArmature_Ring4_R {
                                FrameTransformMatrix {
                                   0.998077, 0.019433, 0.058857, 0.000000,
                                  -0.010385, 0.988585,-0.150300, 0.000000,
                                  -0.061106, 0.149400, 0.986887, 0.000000,
                                   0.000000, 0.033178,-0.000000, 1.000000;;
                                }
                                Frame CharacterArmature_Ring4_R_end {
                                  FrameTransformMatrix {
                                     1.000000, 0.000000,-0.000003, 0.000000,
                                    -0.000000, 1.000000,-0.000004, 0.000000,
                                     0.000003, 0.000004, 1.000000, 0.000000,
                                    -0.000000, 0.031505,-0.000000, 1.000000;;
                                  }
                                  Frame CharacterArmature_Ring4_R_end_end {
                                    FrameTransformMatrix {
                                       1.000000, 0.000001,-0.000007, 0.000000,
                                      -0.000001, 1.000000,-0.000008, 0.000000,
                                       0.000007, 0.000008, 1.000000, 0.000000,
                                       0.000000, 0.031505,-0.000000, 1.000000;;
                                    }
                                  } // End of CharacterArmature_Ring4_R_end_end
                                } // End of CharacterArmature_Ring4_R_end
                              } // End of CharacterArmature_Ring4_R
                            } // End of CharacterArmature_Ring3_R
                          } // End of CharacterArmature_Ring2_R
                        } // End of CharacterArmature_Ring1_R
                        Frame CharacterArmature_Thumb1_R {
                          FrameTransformMatrix {
                             0.552280, 0.759284, 0.344200, 0.000000,
                            -0.773819, 0.620506,-0.127182, 0.000000,
                            -0.310146,-0.196108, 0.930242, 0.000000,
                            -0.000000, 0.028038, 0.000000, 1.000000;;
                          }
                          Frame CharacterArmature_Thumb2_R {
                            FrameTransformMatrix {
                               0.955698,-0.158127,-0.248268, 0.000000,
                               0.178491, 0.982009, 0.061634, 0.000000,
                               0.234055,-0.103218, 0.966729, 0.000000,
                               0.000000, 0.082310,-0.000000, 1.000000;;
                            }
                            Frame CharacterArmature_Thumb3_R {
                              FrameTransformMatrix {
                                 0.964060,-0.250661,-0.088079, 0.000000,
                                 0.230977, 0.954547,-0.188386, 0.000000,
                                 0.131296, 0.161271, 0.978138, 0.000000,
                                 0.000000, 0.032080, 0.000000, 1.000000;;
                              }
                              Frame CharacterArmature_Thumb3_R_end {
                                FrameTransformMatrix {
                                   1.000000,-0.000005,-0.000027, 0.000000,
                                   0.000005, 1.000000,-0.000016, 0.000000,
                                   0.000027, 0.000016, 1.000000, 0.000000,
                                   0.000000, 0.033028, 0.000000, 1.000000;;
                                }
                                Frame CharacterArmature_Thumb3_R_end_end {
                                  FrameTransformMatrix {
                                     1.000000, 0.000001,-0.000000, 0.000000,
                                    -0.000001, 1.000000, 0.000000, 0.000000,
                                     0.000000,-0.000000, 1.000000, 0.000000,
                                     0.000000, 0.033028,-0.000000, 1.000000;;
                                  }
                                } // End of CharacterArmature_Thumb3_R_end_end
                              } // End of CharacterArmature_Thumb3_R_end
                            } // End of CharacterArmature_Thumb3_R
                          } // End of CharacterArmature_Thumb2_R
                        } // End of CharacterArmature_Thumb1_R
                      } // End of CharacterArmature_Wrist_R
                    } // End of CharacterArmature_LowerArm_R
                  } // End of CharacterArmature_UpperArm_R
                } // End of CharacterArmature_Shoulder_R
              } // End of CharacterArmature_Chest
            } // End of CharacterArmature_Torso
          } // End of CharacterArmature_Abdomen
        } // End of CharacterArmature_Hips
        Frame CharacterArmature_UpperLeg_L {
          FrameTransformMatrix {
            -0.154111,-0.263620,-0.952237, 0.000000,
             0.046021,-0.964619, 0.259600, 0.000000,
            -0.986977,-0.003814, 0.160785, 0.000000,
             0.120138, 0.098749, 0.018381, 1.000000;;
          }
          Frame CharacterArmature_LowerLeg_L {
            FrameTransformMatrix {
               0.000001,-0.000000,-1.000000, 0.000000,
               0.509854, 0.860261, 0.000001, 0.000000,
               0.860261,-0.509854, 0.000001, 0.000000,
              -0.000000, 0.432979,-0.000000, 1.000000;;
            }
            Frame CharacterArmature_LowerLeg_L_end {
              FrameTransformMatrix {
                 1.000000,-0.000000,-0.000001, 0.000000,
                 0.000000, 1.000000, 0.000000, 0.000000,
                 0.000001,-0.000000, 1.000000, 0.000000,
                -0.000000, 0.511121, 0.000000, 1.000000;;
              }
              Frame CharacterArmature_LowerLeg_L_end_end {
                FrameTransformMatrix {
                   1.000000, 0.000000, 0.000000, 0.000000,
                  -0.000000, 1.000000,-0.000000, 0.000000,
                  -0.000000, 0.000000, 1.000000, 0.000000,
                  -0.000000, 0.511121,-0.000000, 1.000000;;
                }
              } // End of CharacterArmature_LowerLeg_L_end_end
            } // End of CharacterArmature_LowerLeg_L_end
          } // End of CharacterArmature_LowerLeg_L
        } // End of CharacterArmature_UpperLeg_L
        Frame CharacterArmature_UpperLeg_R {
          FrameTransformMatrix {
             0.099157, 0.240907, 0.965470, 0.000000,
            -0.096157,-0.963390, 0.250264, 0.000000,
             0.990386,-0.117652,-0.072361, 0.000000,
