xof 0303txt 0032

template XSkinMeshHeader {
  <3cf169ce-ff7c-44ab-93c0-f78f62d172e2>
  WORD nMaxSkinWeightsPerVertex;
  WORD nMaxSkinWeightsPerFace;
  WORD nBones;
}

template SkinWeights {
  <6f0d123b-bad2-4167-a0d0-80224f25fabb>
  STRING transformNodeName;
  DWORD nWeights;
  array DWORD vertexIndices[nWeights];
  array float weights[nWeights];
  Matrix4x4 matrixOffset;
}

Frame Root {
  FrameTransformMatrix {
     1.000000, 0.000000, 0.000000, 0.000000,
     0.000000,-0.000000,-1.000000, 0.000000,
     0.000000, 1.000000,-0.000000, 0.000000,
     0.000000, 0.000000, 0.000000, 1.000000;;
  }
  Frame Armature {
    FrameTransformMatrix {
       0.100000, 0.000000, 0.000000, 0.000000,
       0.000000,-0.000000, 0.100000, 0.000000,
       0.000000,-0.100000,-0.000000, 0.000000,
       0.000000, 0.000000, 0.000000, 1.000000;;
    }
    Frame Armature_mixamorig_Hips {
      FrameTransformMatrix {
         0.645311,-0.016935, 0.763732, 0.000000,
        -0.102373, 0.988819, 0.108426, 0.000000,
        -0.757029,-0.148154, 0.636362, 0.000000,
         0.025032,90.806618, 3.309122, 1.000000;;
      }
      Frame Armature_mixamorig_LeftUpLeg {
        FrameTransformMatrix {
          -0.658303,-0.010753, 0.752668, 0.000000,
           0.626752,-0.561609, 0.540160, 0.000000,
           0.416894, 0.827333, 0.376453, 0.000000,
           7.707784,-5.105739, 0.126763, 1.000000;;
        }
        Frame Armature_mixamorig_LeftLeg {
          FrameTransformMatrix {
             0.941398,-0.209647,-0.264231, 0.000000,
            -0.019553, 0.748138,-0.663255, 0.000000,
             0.336731, 0.629553, 0.700196, 0.000000,
            -0.000001,45.952488, 0.000002, 1.000000;;
          }
          Frame Armature_mixamorig_LeftFoot {
            FrameTransformMatrix {
               0.987150,-0.138867, 0.079054, 0.000000,
               0.023220, 0.614143, 0.788852, 0.000000,
              -0.158096,-0.776881, 0.609476, 0.000000,
              -0.000003,44.565876,-0.000003, 1.000000;;
            }
            Frame Armature_mixamorig_LeftToeBase {
              FrameTransformMatrix {
                 0.979939,-0.043968, 0.194388, 0.000000,
                -0.086210, 0.785875, 0.612347, 0.000000,
                -0.179688,-0.616821, 0.766319, 0.000000,
                -0.000003,18.311041,-0.000002, 1.000000;;
              }
              Frame Armature_mixamorig_LeftToe_End {
                FrameTransformMatrix {
                   1.000000,-0.000000, 0.000000, 0.000000,
                   0.000000, 1.000000,-0.000000, 0.000000,
                  -0.000000, 0.000000, 1.000000, 0.000000,
                  -0.000002, 6.608829,-0.000000, 1.000000;;
                }
                Frame Armature_mixamorig_LeftToe_End_end {
                  FrameTransformMatrix {
                     1.000000, 0.000000, 0.000000, 0.000000,
                    -0.000000, 1.000000, 0.000000, 0.000000,
                    -0.000000,-0.000000, 1.000000, 0.000000,
                     0.000002, 6.608836, 0.000000, 1.000000;;
                  }
                } // End of Armature_mixamorig_LeftToe_End_end
              } // End of Armature_mixamorig_LeftToe_End
            } // End of Armature_mixamorig_LeftToeBase
          } // End of Armature_mixamorig_LeftFoot
        } // End of Armature_mixamorig_LeftLeg
      } // End of Armature_mixamorig_LeftUpLeg
      Frame Armature_mixamorig_RightUpLeg {
        FrameTransformMatrix {
          -0.745177, 0.350137,-0.567557, 0.000000,
          -0.570224,-0.775837, 0.270043, 0.000000,
          -0.345782, 0.524862, 0.777789, 0.000000,
          -7.707785,-5.105747, 0.340404, 1.000000;;
        }
        Frame Armature_mixamorig_RightLeg {
          FrameTransformMatrix {
             0.996852,-0.077802, 0.015282, 0.000000,
             0.066155, 0.709894,-0.701195, 0.000000,
             0.043705, 0.699998, 0.712806, 0.000000,
            -0.000001,45.947216,-0.000000, 1.000000;;
          }
          Frame Armature_mixamorig_RightFoot {
            FrameTransformMatrix {
               0.853574, 0.519313,-0.041537, 0.000000,
              -0.128886, 0.287748, 0.948993, 0.000000,
               0.504777,-0.804683, 0.312547, 0.000000,
              -0.000002,44.572086,-0.000001, 1.000000;;
            }
            Frame Armature_mixamorig_RightToeBase {
              FrameTransformMatrix {
                 0.971567, 0.005391,-0.236702, 0.000000,
                 0.135333, 0.807676, 0.573884, 0.000000,
                 0.194272,-0.589601, 0.783983, 0.000000,
                 0.000005,18.116945, 0.000005, 1.000000;;
              }
              Frame Armature_mixamorig_RightToe_End {
                FrameTransformMatrix {
                   1.000000,-0.000000, 0.000003, 0.000000,
                   0.000000, 1.000000, 0.000000, 0.000000,
                  -0.000003,-0.000000, 1.000000, 0.000000,
                  -0.000003, 6.707257,-0.000001, 1.000000;;
                }
                Frame Armature_mixamorig_RightToe_End_end {
                  FrameTransformMatrix {
                     1.000000, 0.000000, 0.000000, 0.000000,
                    -0.000000, 1.000000,-0.000000, 0.000000,
                    -0.000000, 0.000000, 1.000000, 0.000000,
                    -0.000000, 6.707246,-0.000000, 1.000000;;
                  }
                } // End of Armature_mixamorig_RightToe_End_end
              } // End of Armature_mixamorig_RightToe_End
            } // End of Armature_mixamorig_RightToeBase
          } // End of Armature_mixamorig_RightFoot
        } // End of Armature_mixamorig_RightLeg
      } // End of Armature_mixamorig_RightUpLeg
      Frame Armature_mixamorig_Spine {
        FrameTransformMatrix {
           0.996563,-0.030191,-0.077138, 0.000000,
           0.041073, 0.988777, 0.143642, 0.000000,
           0.071936,-0.146317, 0.986619, 0.000000,
          -0.000000, 9.170821, 0.205818, 1.000000;;
        }
        Frame Armature_mixamorig_Spine1 {
          FrameTransformMatrix {
             0.998804, 0.039979,-0.028153, 0.000000,
            -0.039380, 0.998992, 0.021534, 0.000000,
             0.028986,-0.020400, 0.999372, 0.000000,
            -0.000002,10.702009, 0.000001, 1.000000;;
          }
          Frame Armature_mixamorig_Spine2 {
            FrameTransformMatrix {
               0.999502, 0.017391,-0.026329, 0.000000,
              -0.017307, 0.999845, 0.003403, 0.000000,
               0.026384,-0.002945, 0.999647, 0.000000,
              -0.000002,12.230846,-0.000002, 1.000000;;
            }
            Frame Armature_mixamorig_LeftShoulder {
              FrameTransformMatrix {
                 0.178700,-0.049449,-0.982660, 0.000000,
                 0.869386,-0.459698, 0.181234, 0.000000,
                -0.460688,-0.886698,-0.039158, 0.000000,
                 5.180532,11.652169, 0.054664, 1.000000;;
              }
              Frame Armature_mixamorig_LeftArm {
                FrameTransformMatrix {
                   0.954528, 0.297569, 0.018140, 0.000000,
                  -0.257274, 0.791474, 0.554417, 0.000000,
                   0.150620,-0.533874, 0.832041, 0.000000,
                   0.000006,10.993579,-0.000013, 1.000000;;
                }
                Frame Armature_mixamorig_LeftForeArm {
                  FrameTransformMatrix {
                    -0.121109, 0.926708, 0.355733, 0.000000,
                    -0.991214,-0.093710,-0.093340, 0.000000,
                    -0.053163,-0.363912, 0.929915, 0.000000,
                     0.000001,21.306505, 0.000004, 1.000000;;
                  }
                  Frame Armature_mixamorig_LeftHand {
                    FrameTransformMatrix {
                       0.983101,-0.182966,-0.006013, 0.000000,
                       0.182875, 0.980054, 0.077785, 0.000000,
                      -0.008339,-0.077570, 0.996952, 0.000000,
                       0.000000,24.281303, 0.000002, 1.000000;;
                    }
                    Frame Armature_mixamorig_LeftHandIndex1 {
                      FrameTransformMatrix {
                         0.963000, 0.263469, 0.056705, 0.000000,
                        -0.111919, 0.199557, 0.973474, 0.000000,
                         0.245164,-0.943801, 0.221661, 0.000000,
                        -4.000826,10.644617, 0.188393, 1.000000;;
                      }
                      Frame Armature_mixamorig_LeftHandIndex2 {
                        FrameTransformMatrix {
                           0.996784, 0.080113, 0.001855, 0.000000,
                          -0.032806, 0.386845, 0.921562, 0.000000,
                           0.073112,-0.918659, 0.388229, 0.000000,
                          -0.000066, 3.442448,-0.000030, 1.000000;;
                        }
                        Frame Armature_mixamorig_LeftHandIndex3 {
                          FrameTransformMatrix {
                             0.999522,-0.008086,-0.029819, 0.000000,
                             0.030796, 0.338488, 0.940466, 0.000000,
                             0.002489,-0.940936, 0.338575, 0.000000,
                            -0.000147, 3.228655, 0.000015, 1.000000;;
                          }
                          Frame Armature_mixamorig_LeftHandIndex4 {
                            FrameTransformMatrix {
                               1.000000, 0.000000,-0.000000, 0.000000,
                              -0.000000, 1.000000, 0.000001, 0.000000,
                               0.000000,-0.000001, 1.000000, 0.000000,
                               0.000182, 2.712029,-0.000009, 1.000000;;
                            }
                            Frame Armature_mixamorig_LeftHandIndex4_end {
                              FrameTransformMatrix {
                                 1.000000,-0.000000,-0.000000, 0.000000,
                                 0.000000, 1.000000, 0.000000, 0.000000,
                                -0.000000,-0.000000, 1.000000, 0.000000,
                                 0.000005, 2.712035, 0.000010, 1.000000;;
                              }
                            } // End of Armature_mixamorig_LeftHandIndex4_end
                          } // End of Armature_mixamorig_LeftHandIndex4
                        } // End of Armature_mixamorig_LeftHandIndex3
                      } // End of Armature_mixamorig_LeftHandIndex2
                    } // End of Armature_mixamorig_LeftHandIndex1
                    Frame Armature_mixamorig_LeftHandMiddle1 {
                      FrameTransformMatrix {
                         0.992320, 0.065484, 0.104939, 0.000000,
                        -0.115877, 0.195307, 0.973873, 0.000000,
                         0.043277,-0.978554, 0.201395, 0.000000,
                        -1.145585,10.269855, 0.098157, 1.000000;;
                      }
                      Frame Armature_mixamorig_LeftHandMiddle2 {
                        FrameTransformMatrix {
                           0.995843, 0.089961, 0.014299, 0.000000,
                          -0.026850, 0.139894, 0.989802, 0.000000,
                           0.087044,-0.986071, 0.141728, 0.000000,
                          -0.001425, 4.567478,-0.000009, 1.000000;;
                        }
                        Frame Armature_mixamorig_LeftHandMiddle3 {
                          FrameTransformMatrix {
                             0.999736,-0.004544,-0.022540, 0.000000,
                             0.022433, 0.407850, 0.912773, 0.000000,
                             0.005046,-0.913037, 0.407844, 0.000000,
                             0.001006, 4.214502,-0.000022, 1.000000;;
                          }
                          Frame Armature_mixamorig_LeftHandMiddle4 {
                            FrameTransformMatrix {
                               1.000000,-0.000000, 0.000000, 0.000000,
                               0.000000, 1.000000, 0.000001, 0.000000,
                              -0.000000,-0.000001, 1.000000, 0.000000,
                               0.000401, 3.872904, 0.000002, 1.000000;;
                            }
                            Frame Armature_mixamorig_LeftHandMiddle4_end {
                              FrameTransformMatrix {
                                 1.000000,-0.000000, 0.000000, 0.000000,
                                 0.000000, 1.000000, 0.000000, 0.000000,
                                 0.000000,-0.000000, 1.000000, 0.000000,
                                 0.000004, 3.872907, 0.000004, 1.000000;;
                              }
                            } // End of Armature_mixamorig_LeftHandMiddle4_end
                          } // End of Armature_mixamorig_LeftHandMiddle4
                        } // End of Armature_mixamorig_LeftHandMiddle3
                      } // End of Armature_mixamorig_LeftHandMiddle2
                    } // End of Armature_mixamorig_LeftHandMiddle1
                    Frame Armature_mixamorig_LeftHandPinky1 {
                      FrameTransformMatrix {
                         0.930369,-0.315847, 0.186157, 0.000000,
                        -0.120165, 0.217007, 0.968746, 0.000000,
                        -0.346372,-0.923661, 0.163943, 0.000000,
                         3.634722,10.279557, 0.214949, 1.000000;;
                      }
                      Frame Armature_mixamorig_LeftHandPinky2 {
                        FrameTransformMatrix {
                           0.999614, 0.021620, 0.017406, 0.000000,
                          -0.021672, 0.216166, 0.976116, 0.000000,
                           0.017341,-0.976117, 0.216552, 0.000000,
                           0.001706, 3.272557,-0.000008, 1.000000;;
                        }
                        Frame Armature_mixamorig_LeftHandPinky3 {
                          FrameTransformMatrix {
                             0.999821, 0.017513, 0.007147, 0.000000,
                            -0.017181, 0.682840, 0.730366, 0.000000,
                             0.007911,-0.730358, 0.683019, 0.000000,
                            -0.001577, 2.574741,-0.000037, 1.000000;;
                          }
                          Frame Armature_mixamorig_LeftHandPinky4 {
                            FrameTransformMatrix {
                               1.000000,-0.000000, 0.000000, 0.000000,
                              -0.000000, 1.000000,-0.000000, 0.000000,
                              -0.000000,-0.000000, 1.000000, 0.000000,
                              -0.000153, 2.249521, 0.000007, 1.000000;;
                            }
                            Frame Armature_mixamorig_LeftHandPinky4_end {
                              FrameTransformMatrix {
                                 1.000000, 0.000000,-0.000000, 0.000000,
                                -0.000000, 1.000000, 0.000000, 0.000000,
                                 0.000000,-0.000000, 1.000000, 0.000000,
                                 0.000004, 2.249511,-0.000003, 1.000000;;
                              }
                            } // End of Armature_mixamorig_LeftHandPinky4_end
                          } // End of Armature_mixamorig_LeftHandPinky4
                        } // End of Armature_mixamorig_LeftHandPinky3
                      } // End of Armature_mixamorig_LeftHandPinky2
                    } // End of Armature_mixamorig_LeftHandPinky1
                    Frame Armature_mixamorig_LeftHandRing1 {
                      FrameTransformMatrix {
                         0.989340,-0.117073, 0.086607, 0.000000,
                        -0.083071, 0.034764, 0.995937, 0.000000,
                        -0.119608,-0.992515, 0.024668, 0.000000,
                         1.511720,10.276347, 0.094564, 1.000000;;
                      }
                      Frame Armature_mixamorig_LeftHandRing2 {
                        FrameTransformMatrix {
                           0.999588, 0.018200, 0.022169, 0.000000,
                          -0.028241, 0.489295, 0.871660, 0.000000,
                           0.005017,-0.871928, 0.489608, 0.000000,
                          -0.000590, 3.979032,-0.000042, 1.000000;;
                        }
                        Frame Armature_mixamorig_LeftHandRing3 {
                          FrameTransformMatrix {
                             0.999873,-0.014404, 0.006873, 0.000000,
                            -0.001861, 0.322481, 0.946574, 0.000000,
                            -0.015851,-0.946467, 0.322413, 0.000000,
                             0.000085, 3.715596, 0.000030, 1.000000;;
                          }
                          Frame Armature_mixamorig_LeftHandRing4 {
                            FrameTransformMatrix {
                               1.000000,-0.000000,-0.000000, 0.000000,
                              -0.000000, 1.000000,-0.000000, 0.000000,
                              -0.000000, 0.000000, 1.000000, 0.000000,
                               0.000508, 3.315386, 0.000008, 1.000000;;
                            }
                            Frame Armature_mixamorig_LeftHandRing4_end {
                              FrameTransformMatrix {
                                 1.000000,-0.000000, 0.000000, 0.000000,
                                -0.000000, 1.000000, 0.000000, 0.000000,
                                 0.000000,-0.000000, 1.000000, 0.000000,
                                -0.000014, 3.315386,-0.000004, 1.000000;;
                              }
                            } // End of Armature_mixamorig_LeftHandRing4_end
                          } // End of Armature_mixamorig_LeftHandRing4
                        } // End of Armature_mixamorig_LeftHandRing3
                      } // End of Armature_mixamorig_LeftHandRing2
                    } // End of Armature_mixamorig_LeftHandRing1
                    Frame Armature_mixamorig_LeftHandThumb1 {
                      FrameTransformMatrix {
                         0.607385, 0.793694, 0.033675, 0.000000,
                        -0.670816, 0.489721, 0.556937, 0.000000,
                         0.425546,-0.360864, 0.829872, 0.000000,
                        -3.268708, 2.020260, 1.309114, 1.000000;;
                      }
                      Frame Armature_mixamorig_LeftHandThumb2 {
                        FrameTransformMatrix {
                           0.923342,-0.329191,-0.197669, 0.000000,
                           0.325667, 0.944106,-0.051041, 0.000000,
                           0.203422,-0.017246, 0.978939, 0.000000,
                          -0.446729, 3.216758, 0.000007, 1.000000;;
                        }
                        Frame Armature_mixamorig_LeftHandThumb3 {
                          FrameTransformMatrix {
                             0.621355,-0.056979,-0.781455, 0.000000,
                             0.420584, 0.865743, 0.271292, 0.000000,
                             0.661081,-0.497236, 0.561898, 0.000000,
                             0.289044, 4.061807,-0.000037, 1.000000;;
                          }
                          Frame Armature_mixamorig_LeftHandThumb4 {
                            FrameTransformMatrix {
                               1.000000, 0.000000,-0.000000, 0.000000,
                              -0.000000, 1.000000,-0.000000, 0.000000,
                               0.000000, 0.000000, 1.000000, 0.000000,
                               0.157696, 3.553974,-0.000019, 1.000000;;
                            }
                            Frame Armature_mixamorig_LeftHandThumb4_end {
                              FrameTransformMatrix {
                                 1.000000, 0.000000, 0.000000, 0.000000,
                                -0.000000, 1.000000, 0.000000, 0.000000,
                                 0.000000,-0.000000, 1.000000, 0.000000,
                                 0.000003, 3.557462,-0.000004, 1.000000;;
                              }
                            } // End of Armature_mixamorig_LeftHandThumb4_end
                          } // End of Armature_mixamorig_LeftHandThumb4
                        } // End of Armature_mixamorig_LeftHandThumb3
                      } // End of Armature_mixamorig_LeftHandThumb2
                    } // End of Armature_mixamorig_LeftHandThumb1
                  } // End of Armature_mixamorig_LeftHand
                } // End of Armature_mixamorig_LeftForeArm
              } // End of Armature_mixamorig_LeftArm
            } // End of Armature_mixamorig_LeftShoulder
            Frame Armature_mixamorig_Neck {
              FrameTransformMatrix {
                 0.983591,-0.036519,-0.176678, 0.000000,
                 0.026921, 0.998044,-0.056419, 0.000000,
                 0.178393, 0.050737, 0.982650, 0.000000,
                -0.000001,13.759727, 0.000004, 1.000000;;
              }
              Frame Armature_mixamorig_Head {
                FrameTransformMatrix {
                   0.896610,-0.133440,-0.422237, 0.000000,
                   0.103411, 0.990248,-0.093360, 0.000000,
                   0.430577, 0.040043, 0.901665, 0.000000,
                  -0.000000, 7.527282,-0.214812, 1.000000;;
                }
                Frame Armature_mixamorig_HeadTop_End {
                  FrameTransformMatrix {
                     1.000000, 0.000000, 0.000000, 0.000000,
                     0.000000, 1.000000, 0.000000, 0.000000,
                    -0.000000,-0.000000, 1.000000, 0.000000,
                    -0.000001,26.017393,-0.742480, 1.000000;;
                  }
                  Frame Armature_mixamorig_HeadTop_End_end {
                    FrameTransformMatrix {
                       1.000000, 0.000000, 0.000000, 0.000000,
                       0.000000, 1.000000, 0.000000, 0.000000,
                      -0.000000, 0.000000, 1.000000, 0.000000,
                       0.000000,26.027992,-0.000000, 1.000000;;
                    }
                  } // End of Armature_mixamorig_HeadTop_End_end
                } // End of Armature_mixamorig_HeadTop_End
              } // End of Armature_mixamorig_Head
            } // End of Armature_mixamorig_Neck
            Frame Armature_mixamorig_RightShoulder {
              FrameTransformMatrix {
                -0.321966, 0.117619, 0.939417, 0.000000,
                -0.855142,-0.461944,-0.235245, 0.000000,
                 0.406288,-0.879075, 0.249311, 0.000000,
                -5.180534,11.651831, 0.039945, 1.000000;;
              }
              Frame Armature_mixamorig_RightArm {
                FrameTransformMatrix {
                   0.986944, 0.087294, 0.135355, 0.000000,
                  -0.151329, 0.790307, 0.593730, 0.000000,
                  -0.055142,-0.606462, 0.793199, 0.000000,
                  -0.000000,10.993595,-0.000004, 1.000000;;
                }
                Frame Armature_mixamorig_RightForeArm {
                  FrameTransformMatrix {
                     0.054713,-0.998430, 0.012000, 0.000000,
                     0.997578, 0.054141,-0.043667, 0.000000,
                     0.042949, 0.014360, 0.998974, 0.000000,
                     0.000001,21.306313, 0.000001, 1.000000;;
                  }
                  Frame Armature_mixamorig_RightHand {
                    FrameTransformMatrix {
                       0.980244,-0.196951,-0.018217, 0.000000,
                       0.197604, 0.971136, 0.133597, 0.000000,
                      -0.008620,-0.134557, 0.990869, 0.000000,
                       0.000000,24.291643, 0.000005, 1.000000;;
                    }
                    Frame Armature_mixamorig_RightHandIndex1 {
                      FrameTransformMatrix {
                         0.990338,-0.138344,-0.009586, 0.000000,
                         0.083141, 0.536998, 0.839476, 0.000000,
                        -0.110989,-0.832162, 0.543312, 0.000000,
                         3.876465,10.479938, 0.248507, 1.000000;;
                      }
                      Frame Armature_mixamorig_RightHandIndex2 {
                        FrameTransformMatrix {
                           0.996257,-0.086058,-0.008145, 0.000000,
                           0.039973, 0.375087, 0.926127, 0.000000,
                          -0.076646,-0.922986, 0.377123, 0.000000,
                           0.001564, 3.405107,-0.000015, 1.000000;;
                        }
                        Frame Armature_mixamorig_RightHandIndex3 {
                          FrameTransformMatrix {
                             0.999610,-0.002214, 0.027846, 0.000000,
                            -0.023361, 0.480282, 0.876803, 0.000000,
                            -0.015315,-0.877112, 0.480042, 0.000000,
                            -0.000139, 3.328529,-0.000020, 1.000000;;
                          }
                          Frame Armature_mixamorig_RightHandIndex4 {
                            FrameTransformMatrix {
                               1.000000,-0.000000, 0.000000, 0.000000,
                               0.000000, 1.000000, 0.000000, 0.000000,
                              -0.000000,-0.000000, 1.000000, 0.000000,
                              -0.001410, 2.857764, 0.000018, 1.000000;;
                            }
                            Frame Armature_mixamorig_RightHandIndex4_end {
                              FrameTransformMatrix {
                                 1.000000, 0.000000,-0.000000, 0.000000,
                                 0.000000, 1.000000, 0.000000, 0.000000,
                                -0.000000, 0.000000, 1.000000, 0.000000,
                                 0.000017, 2.857759,-0.000000, 1.000000;;
                              }
                            } // End of Armature_mixamorig_RightHandIndex4_end
                          } // End of Armature_mixamorig_RightHandIndex4
                        } // End of Armature_mixamorig_RightHandIndex3
                      } // End of Armature_mixamorig_RightHandIndex2
                    } // End of Armature_mixamorig_RightHandIndex1
                    Frame Armature_mixamorig_RightHandMiddle1 {
                      FrameTransformMatrix {
                         0.994403,-0.101578,-0.029064, 0.000000,
                         0.072758, 0.458895, 0.885506, 0.000000,
                        -0.076611,-0.882665, 0.463717, 0.000000,
                         1.265772,10.731007,-0.044025, 1.000000;;
                      }
                      Frame Armature_mixamorig_RightHandMiddle2 {
                        FrameTransformMatrix {
                           0.994868,-0.099675,-0.017406, 0.000000,
                           0.024091, 0.066262, 0.997512, 0.000000,
                          -0.098274,-0.992811, 0.068323, 0.000000,
                           0.001802, 4.302101,-0.000024, 1.000000;;
                        }
                        Frame Armature_mixamorig_RightHandMiddle3 {
                          FrameTransformMatrix {
                             0.999792, 0.014302, 0.014557, 0.000000,
                            -0.020198, 0.795399, 0.605749, 0.000000,
                            -0.002915,-0.605917, 0.795523, 0.000000,
                             0.000390, 4.040868,-0.000001, 1.000000;;
                          }
                          Frame Armature_mixamorig_RightHandMiddle4 {
                            FrameTransformMatrix {
                               1.000000, 0.000000, 0.000000, 0.000000,
                               0.000000, 1.000000, 0.000000, 0.000000,
                               0.000000,-0.000000, 1.000000, 0.000000,
                              -0.002204, 3.587892,-0.000000, 1.000000;;
                            }
                            Frame Armature_mixamorig_RightHandMiddle4_end {
                              FrameTransformMatrix {
                                 1.000000,-0.000000,-0.000000, 0.000000,
                                 0.000000, 1.000000,-0.000000, 0.000000,
                                 0.000000, 0.000000, 1.000000, 0.000000,
                                -0.000006, 3.587893,-0.000005, 1.000000;;
                              }
                            } // End of Armature_mixamorig_RightHandMiddle4_end
                          } // End of Armature_mixamorig_RightHandMiddle4
                        } // End of Armature_mixamorig_RightHandMiddle3
                      } // End of Armature_mixamorig_RightHandMiddle2
                    } // End of Armature_mixamorig_RightHandMiddle1
                    Frame Armature_mixamorig_RightHandPinky1 {
                      FrameTransformMatrix {
                         0.979029, 0.178686,-0.097840, 0.000000,
                         0.060820, 0.201993, 0.977497, 0.000000,
                         0.194428,-0.962949, 0.186890, 0.000000,
                        -3.578582,10.364535, 0.239161, 1.000000;;
                      }
                      Frame Armature_mixamorig_RightHandPinky2 {
                        FrameTransformMatrix {
                           0.999410,-0.029573,-0.017466, 0.000000,
                           0.030024, 0.505289, 0.862428, 0.000000,
                          -0.016679,-0.862443, 0.505879, 0.000000,
                          -0.001996, 3.211715, 0.000000, 1.000000;;
                        }
                        Frame Armature_mixamorig_RightHandPinky3 {
                          FrameTransformMatrix {
                             0.999859,-0.016579,-0.002556, 0.000000,
                             0.016399, 0.933967, 0.356984, 0.000000,
                            -0.003531,-0.356975, 0.934107, 0.000000,
                             0.003109, 2.578177, 0.000018, 1.000000;;
                          }
                          Frame Armature_mixamorig_RightHandPinky4 {
                            FrameTransformMatrix {
                               1.000000, 0.000000,-0.000000, 0.000000,
                              -0.000000, 1.000000,-0.000001, 0.000000,
                               0.000000, 0.000001, 1.000000, 0.000000,
                              -0.001134, 2.342519, 0.000016, 1.000000;;
                            }
                            Frame Armature_mixamorig_RightHandPinky4_end {
                              FrameTransformMatrix {
                                 1.000000,-0.000000, 0.000000, 0.000000,
                                 0.000000, 1.000000,-0.000000, 0.000000,
                                -0.000000, 0.000000, 1.000000, 0.000000,
                                -0.000017, 2.342494, 0.000001, 1.000000;;
                              }
                            } // End of Armature_mixamorig_RightHandPinky4_end
                          } // End of Armature_mixamorig_RightHandPinky4
                        } // End of Armature_mixamorig_RightHandPinky3
                      } // End of Armature_mixamorig_RightHandPinky2
                    } // End of Armature_mixamorig_RightHandPinky1
                    Frame Armature_mixamorig_RightHandRing1 {
                      FrameTransformMatrix {
                         0.996046, 0.088417,-0.008639, 0.000000,
                        -0.017712, 0.292938, 0.955967, 0.000000,
                         0.087055,-0.952035, 0.293346, 0.000000,
                        -1.563656,10.580335, 0.239568, 1.000000;;
                      }
                      Frame Armature_mixamorig_RightHandRing2 {
                        FrameTransformMatrix {
                           0.998799,-0.038018,-0.030909, 0.000000,
                           0.038307, 0.212559, 0.976397, 0.000000,
                          -0.030551,-0.976408, 0.213760, 0.000000,
                          -0.000534, 3.718161,-0.000019, 1.000000;;
                        }
                        Frame Armature_mixamorig_RightHandRing3 {
                          FrameTransformMatrix {
                             0.999957, 0.007380,-0.005674, 0.000000,
                            -0.002022, 0.767124, 0.641496, 0.000000,
                             0.009086,-0.641456, 0.767106, 0.000000,
                            -0.000321, 3.643945,-0.000029, 1.000000;;
                          }
                          Frame Armature_mixamorig_RightHandRing4 {
                            FrameTransformMatrix {
                               1.000000, 0.000000,-0.000000, 0.000000,
                              -0.000000, 1.000000, 0.000000, 0.000000,
                               0.000000,-0.000000, 1.000000, 0.000000,
                               0.000875, 3.025697, 0.000007, 1.000000;;
                            }
                            Frame Armature_mixamorig_RightHandRing4_end {
                              FrameTransformMatrix {
                                 1.000000, 0.000000,-0.000000, 0.000000,
                                -0.000000, 1.000000,-0.000000, 0.000000,
                                -0.000000, 0.000000, 1.000000, 0.000000,
                                -0.000008, 3.025685, 0.000003, 1.000000;;
                              }
                            } // End of Armature_mixamorig_RightHandRing4_end
                          } // End of Armature_mixamorig_RightHandRing4
                        } // End of Armature_mixamorig_RightHandRing3
                      } // End of Armature_mixamorig_RightHandRing2
                    } // End of Armature_mixamorig_RightHandRing1
                    Frame Armature_mixamorig_RightHandThumb1 {
                      FrameTransformMatrix {
                         0.877004,-0.448170, 0.173227, 0.000000,
                         0.160312, 0.612801, 0.773805, 0.000000,
                        -0.452950,-0.650860, 0.609276, 0.000000,
                         3.351181, 2.208753, 1.381227, 1.000000;;
                      }
                      Frame Armature_mixamorig_RightHandThumb2 {
                        FrameTransformMatrix {
                           0.951217, 0.041502, 0.305719, 0.000000,
                           0.041743, 0.964487,-0.260810, 0.000000,
                          -0.305687, 0.260848, 0.915704, 0.000000,
                           0.503313, 3.358168,-0.000014, 1.000000;;
                        }
                        Frame Armature_mixamorig_RightHandThumb3 {
                          FrameTransformMatrix {
                             0.932576, 0.183268,-0.310992, 0.000000,
                            -0.308416, 0.852202,-0.422648, 0.000000,
                             0.187570, 0.490066, 0.851266, 0.000000,
                            -0.013913, 3.929753, 0.000004, 1.000000;;
                          }
                          Frame Armature_mixamorig_RightHandThumb4 {
                            FrameTransformMatrix {
                               1.000000, 0.000000, 0.000000, 0.000000,
                               0.000000, 1.000000,-0.000000, 0.000000,
                               0.000000, 0.000000, 1.000000, 0.000000,
                              -0.489398, 3.302343,-0.000018, 1.000000;;
                            }
                            Frame Armature_mixamorig_RightHandThumb4_end {
                              FrameTransformMatrix {
                                 1.000000, 0.000000,-0.000001, 0.000000,
                                -0.000000, 1.000000, 0.000000, 0.000000,
                                 0.000001,-0.000000, 1.000000, 0.000000,
                                -0.000006, 3.338409, 0.000012, 1.000000;;
                              }
                            } // End of Armature_mixamorig_RightHandThumb4_end
                          } // End of Armature_mixamorig_RightHandThumb4
                        } // End of Armature_mixamorig_RightHandThumb3
                      } // End of Armature_mixamorig_RightHandThumb2
                    } // End of Armature_mixamorig_RightHandThumb1
                  } // End of Armature_mixamorig_RightHand
                } // End of Armature_mixamorig_RightForeArm
              } // End of Armature_mixamorig_RightArm
            } // End of Armature_mixamorig_RightShoulder
          } // End of Armature_mixamorig_Spine2
        } // End of Armature_mixamorig_Spine1
      } // End of Armature_mixamorig_Spine
    } // End of Armature_mixamorig_Hips
    Frame Adventurer_Body {
      FrameTransformMatrix {
        100.000023,-0.000001, 0.000000, 0.000000,
         0.000000,-0.000028,-100.000031, 0.000000,
        -0.000001,100.000000,-0.000028, 0.000000,
         0.000008, 0.000013,-0.000004, 1.000000;;
      }
    } // End of Adventurer_Body
    Frame Adventurer_Feet {
      FrameTransformMatrix {
        100.000023,-0.000000, 0.000001, 0.000000,
        -0.000002,-0.000028,-100.000031, 0.000000,
         0.000001,100.000000,-0.000028, 0.000000,
         0.000008, 0.000013,-0.000004, 1.000000;;
      }
    } // End of Adventurer_Feet
    Frame Adventurer_Head {
      FrameTransformMatrix {
        99.999977,-0.000001, 0.000000, 0.000000,
        -0.000000,-0.000028,-100.000031, 0.000000,
        -0.000000,100.000000,-0.000028, 0.000000,
         0.000010, 0.000001,-0.000005, 1.000000;;
      }
    } // End of Adventurer_Head
    Frame Adventurer_Legs {
      FrameTransformMatrix {
        100.000023,-0.000000, 0.000001, 0.000000,
        -0.000002,-0.000028,-100.000031, 0.000000,
         0.000001,100.000000,-0.000028, 0.000000,
         0.000008, 0.000013,-0.000004, 1.000000;;
      }
    } // End of Adventurer_Legs
    Frame Backpack {
      FrameTransformMatrix {
        -26.076885, 0.000000,-0.000010, 0.000000,
        -0.000010, 0.000008,26.076889, 0.000000,
        -0.000000,26.076889,-0.000008, 0.000000,
         0.000003,137.266479,-11.664414, 1.000000;;
      }
    } // End of Backpack
  } // End of Armature
} // End of Root
AnimationSet Global {
  Animation {
    {Adventurer_Body}
    AnimationKey { // Rotation
      0;
      221;
      0;4;-0.707107,-0.707107,-0.000000, 0.000000;;,
      1;4;-0.707107,-0.707107,-0.000000, 0.000000;;,
      2;4;-0.707107,-0.707107,-0.000000, 0.000000;;,
      3;4;-0.707107,-0.707107,-0.000000, 0.000000;;,
      4;4;-0.707107,-0.707107,-0.000000, 0.000000;;,
      5;4;-0.707107,-0.707107,-0.000000, 0.000000;;,
      6;4;-0.707107,-0.707107,-0.000000, 0.000000;;,
      7;4;-0.707107,-0.707107,-0.000000, 0.000000;;,
      8;4;-0.707107,-0.707107,-0.000000, 0.000000;;,
      9;4;-0.707107,-0.707107,-0.000000, 0.000000;;,
      10;4;-0.707107,-0.707107,-0.000000, 0.000000;;,
      11;4;-0.707107,-0.707107,-0.000000, 0.000000;;,
      12;4;-0.707107,-0.707107,-0.000000, 0.000000;;,
      13;4;-0.707107,-0.707107,-0.000000, 0.000000;;,
      14;4;-0.707107,-0.707107,-0.000000, 0.000000;;,
      15;4;-0.707107,-0.707107,-0.000000, 0.000000;;,
      16;4;-0.707107,-0.707107,-0.000000, 0.000000;;,
      17;4;-0.707107,-0.707107,-0.000000, 0.000000;;,
      18;4;-0.707107,-0.707107,-0.000000, 0.000000;;,
      19;4;-0.707107,-0.707107,-0.000000, 0.000000;;,
      20;4;-0.707107,-0.707107,-0.000000, 0.000000;;,
      21;4;-0.707107,-0.707107,-0.000000, 0.000000;;,
      22;4;-0.707107,-0.707107,-0.000000, 0.000000;;,
      23;4;-0.707107,-0.707107,-0.000000, 0.000000;;,
      24;4;-0.707107,-0.707107,-0.000000, 0.000000;;,
      25;4;-0.707107,-0.707107,-0.000000, 0.000000;;,
      26;4;-0.707107,-0.707107,-0.000000, 0.000000;;,
      27;4;-0.707107,-0.707107,-0.000000, 0.000000;;,
      28;4;-0.707107,-0.707107,-0.000000, 0.000000;;,
      29;4;-0.707107,-0.707107,-0.000000, 0.000000;;,
      30;4;-0.707107,-0.707107,-0.000000, 0.000000;;,
      31;4;-0.707107,-0.707107,-0.000000, 0.000000;;,
      32;4;-0.707107,-0.707107,-0.000000, 0.000000;;,
      33;4;-0.707107,-0.707107,-0.000000, 0.000000;;,
      34;4;-0.707107,-0.707107,-0.000000, 0.000000;;,
      35;4;-0.707107,-0.707107,-0.000000, 0.000000;;,
      36;4;-0.707107,-0.707107,-0.000000, 0.000000;;,
      37;4;-0.707107,-0.707107,-0.000000, 0.000000;;,
      38;4;-0.707107,-0.707107,-0.000000, 0.000000;;,
