xof 0303txt 0032

template XSkinMeshHeader {
  <3cf169ce-ff7c-44ab-93c0-f78f62d172e2>
  WORD nMaxSkinWeightsPerVertex;
  WORD nMaxSkinWeightsPerFace;
  WORD nBones;
}

template SkinWeights {
  <6f0d123b-bad2-4167-a0d0-80224f25fabb>
  STRING transformNodeName;
  DWORD nWeights;
  array DWORD vertexIndices[nWeights];
  array float weights[nWeights];
  Matrix4x4 matrixOffset;
}

Frame Root {
  FrameTransformMatrix {
     1.000000, 0.000000, 0.000000, 0.000000,
     0.000000,-0.000000,-1.000000, 0.000000,
     0.000000, 1.000000,-0.000000, 0.000000,
     0.000000, 0.000000, 0.000000, 1.000000;;
  }
  Frame Armature {
    FrameTransformMatrix {
       0.100000, 0.000000, 0.000000, 0.000000,
       0.000000,-0.000000, 0.100000, 0.000000,
       0.000000,-0.100000,-0.000000, 0.000000,
       0.000000, 0.000000, 0.000000, 1.000000;;
    }
    Frame Armature_mixamorig_Hips {
      FrameTransformMatrix {
         0.996860, 0.061397, 0.050008, 0.000000,
        -0.067874, 0.987788, 0.140240, 0.000000,
        -0.040787,-0.143194, 0.988854, 0.000000,
         0.098931,98.938980, 5.921005, 1.000000;;
      }
      Frame Armature_mixamorig_LeftUpLeg {
        FrameTransformMatrix {
          -0.985351,-0.055870, 0.161068, 0.000000,
           0.108748,-0.933590, 0.341444, 0.000000,
           0.131297, 0.353961, 0.925998, 0.000000,
           7.707784,-5.105742, 0.126760, 1.000000;;
        }
        Frame Armature_mixamorig_LeftLeg {
          FrameTransformMatrix {
             0.999504,-0.023304, 0.021183, 0.000000,
             0.028167, 0.360658,-0.932273, 0.000000,
             0.014086, 0.932407, 0.361136, 0.000000,
             0.000001,45.952496, 0.000003, 1.000000;;
          }
          Frame Armature_mixamorig_LeftFoot {
            FrameTransformMatrix {
               0.997535, 0.045425, 0.053478, 0.000000,
              -0.070165, 0.640870, 0.764436, 0.000000,
               0.000452,-0.766304, 0.642478, 0.000000,
              -0.000001,44.565876,-0.000001, 1.000000;;
            }
            Frame Armature_mixamorig_LeftToeBase {
              FrameTransformMatrix {
                 0.837303,-0.224443, 0.498547, 0.000000,
                -0.264062, 0.632442, 0.728209, 0.000000,
                -0.478743,-0.741379, 0.470279, 0.000000,
                -0.000002,18.311045,-0.000002, 1.000000;;
              }
              Frame Armature_mixamorig_LeftToe_End {
                FrameTransformMatrix {
                   1.000000,-0.000000, 0.000000, 0.000000,
                   0.000000, 1.000000,-0.000000, 0.000000,
                  -0.000000, 0.000000, 1.000000, 0.000000,
                   0.000003, 6.608832, 0.000002, 1.000000;;
                }
                Frame Armature_mixamorig_LeftToe_End_end {
                  FrameTransformMatrix {
                     1.000000, 0.000000, 0.000000, 0.000000,
                    -0.000000, 1.000000, 0.000000, 0.000000,
                    -0.000000,-0.000000, 1.000000, 0.000000,
                     0.000001, 6.608830,-0.000001, 1.000000;;
                  }
                } // End of Armature_mixamorig_LeftToe_End_end
              } // End of Armature_mixamorig_LeftToe_End
            } // End of Armature_mixamorig_LeftToeBase
          } // End of Armature_mixamorig_LeftFoot
        } // End of Armature_mixamorig_LeftLeg
      } // End of Armature_mixamorig_LeftUpLeg
      Frame Armature_mixamorig_RightUpLeg {
        FrameTransformMatrix {
          -0.982346, 0.186617,-0.013415, 0.000000,
          -0.183068,-0.973506,-0.137012, 0.000000,
          -0.038628,-0.132136, 0.990478, 0.000000,
          -7.707784,-5.105744, 0.340404, 1.000000;;
        }
        Frame Armature_mixamorig_RightLeg {
          FrameTransformMatrix {
             0.994036, 0.084198, 0.069306, 0.000000,
            -0.048786, 0.911721,-0.407902, 0.000000,
            -0.097533, 0.402088, 0.910391, 0.000000,
            -0.000002,45.947220, 0.000001, 1.000000;;
          }
          Frame Armature_mixamorig_RightFoot {
            FrameTransformMatrix {
               0.991301, 0.057592,-0.118343, 0.000000,
               0.114995, 0.058350, 0.991650, 0.000000,
               0.064017,-0.996633, 0.051220, 0.000000,
              -0.000001,44.572086,-0.000000, 1.000000;;
            }
            Frame Armature_mixamorig_RightToeBase {
              FrameTransformMatrix {
                 0.971053, 0.041135,-0.235295, 0.000000,
                 0.081645, 0.868571, 0.488792, 0.000000,
                 0.224477,-0.493854, 0.840070, 0.000000,
                 0.000000,18.116947, 0.000006, 1.000000;;
              }
              Frame Armature_mixamorig_RightToe_End {
                FrameTransformMatrix {
                   1.000000,-0.000000, 0.000003, 0.000000,
                   0.000000, 1.000000, 0.000000, 0.000000,
                  -0.000003,-0.000000, 1.000000, 0.000000,
                   0.000002, 6.707254, 0.000000, 1.000000;;
                }
                Frame Armature_mixamorig_RightToe_End_end {
                  FrameTransformMatrix {
                     1.000000, 0.000000, 0.000000, 0.000000,
                    -0.000000, 1.000000,-0.000000, 0.000000,
                    -0.000000,-0.000000, 1.000000, 0.000000,
                     0.000001, 6.707254, 0.000000, 1.000000;;
                  }
                } // End of Armature_mixamorig_RightToe_End_end
              } // End of Armature_mixamorig_RightToe_End
            } // End of Armature_mixamorig_RightToeBase
          } // End of Armature_mixamorig_RightFoot
        } // End of Armature_mixamorig_RightLeg
      } // End of Armature_mixamorig_RightUpLeg
      Frame Armature_mixamorig_Spine {
        FrameTransformMatrix {
           0.999342,-0.009015,-0.035143, 0.000000,
           0.017129, 0.971119, 0.237979, 0.000000,
           0.031983,-0.238425, 0.970634, 0.000000,
          -0.000000, 9.170826, 0.205818, 1.000000;;
        }
        Frame Armature_mixamorig_Spine1 {
          FrameTransformMatrix {
             0.997818,-0.004093,-0.065897, 0.000000,
             0.014395, 0.987553, 0.156625, 0.000000,
             0.064435,-0.157232, 0.985457, 0.000000,
            -0.000000,10.702007, 0.000003, 1.000000;;
          }
          Frame Armature_mixamorig_Spine2 {
            FrameTransformMatrix {
               0.997818,-0.004067,-0.065898, 0.000000,
               0.000833, 0.998797,-0.049035, 0.000000,
               0.066018, 0.048873, 0.996621, 0.000000,
               0.000000,12.230830, 0.000001, 1.000000;;
            }
            Frame Armature_mixamorig_LeftShoulder {
              FrameTransformMatrix {
                 0.105749, 0.008271,-0.994358, 0.000000,
                 0.865203,-0.493656, 0.087907, 0.000000,
                -0.490143,-0.869618,-0.059360, 0.000000,
                 5.180533,11.652155, 0.054664, 1.000000;;
              }
              Frame Armature_mixamorig_LeftArm {
                FrameTransformMatrix {
                   0.945822,-0.189418,-0.263706, 0.000000,
                   0.324676, 0.557612, 0.763973, 0.000000,
                   0.002336,-0.808202, 0.588901, 0.000000,
                  -0.000000,10.993581,-0.000004, 1.000000;;
                }
                Frame Armature_mixamorig_LeftForeArm {
                  FrameTransformMatrix {
                     0.062384, 0.994734, 0.081315, 0.000000,
                    -0.980846, 0.076168,-0.179277, 0.000000,
                    -0.184526,-0.068574, 0.980432, 0.000000,
                    -0.000001,21.306505, 0.000002, 1.000000;;
                  }
                  Frame Armature_mixamorig_LeftHand {
                    FrameTransformMatrix {
                       0.994494, 0.099080,-0.034128, 0.000000,
                      -0.090801, 0.977313, 0.191350, 0.000000,
                       0.052313,-0.187197, 0.980928, 0.000000,
                      -0.000007,24.281307,-0.000009, 1.000000;;
                    }
                    Frame Armature_mixamorig_LeftHandIndex1 {
                      FrameTransformMatrix {
                         0.931632, 0.357921,-0.062884, 0.000000,
                        -0.109700, 0.441958, 0.890302, 0.000000,
                         0.346450,-0.822536, 0.451007, 0.000000,
                        -4.000826,10.644612, 0.188382, 1.000000;;
                      }
                      Frame Armature_mixamorig_LeftHandIndex2 {
                        FrameTransformMatrix {
                           0.997707, 0.040859, 0.053953, 0.000000,
                          -0.037052,-0.337363, 0.940645, 0.000000,
                           0.056635,-0.940488,-0.335076, 0.000000,
                          -0.000056, 3.442459,-0.000025, 1.000000;;
                        }
                        Frame Armature_mixamorig_LeftHandIndex3 {
                          FrameTransformMatrix {
                             0.998949, 0.038547, 0.024817, 0.000000,
                            -0.038862, 0.424810, 0.904448, 0.000000,
                             0.024321,-0.904462, 0.425861, 0.000000,
                            -0.000147, 3.228659, 0.000015, 1.000000;;
                          }
                          Frame Armature_mixamorig_LeftHandIndex4 {
                            FrameTransformMatrix {
                               1.000000, 0.000000,-0.000000, 0.000000,
                              -0.000000, 1.000000, 0.000001, 0.000000,
                               0.000000,-0.000001, 1.000000, 0.000000,
                               0.000193, 2.712036,-0.000005, 1.000000;;
                            }
                            Frame Armature_mixamorig_LeftHandIndex4_end {
                              FrameTransformMatrix {
                                 1.000000, 0.000000,-0.000000, 0.000000,
                                -0.000000, 1.000000,-0.000000, 0.000000,
                                -0.000000, 0.000000, 1.000000, 0.000000,
                                -0.000007, 2.712037,-0.000003, 1.000000;;
                              }
                            } // End of Armature_mixamorig_LeftHandIndex4_end
                          } // End of Armature_mixamorig_LeftHandIndex4
                        } // End of Armature_mixamorig_LeftHandIndex3
                      } // End of Armature_mixamorig_LeftHandIndex2
                    } // End of Armature_mixamorig_LeftHandIndex1
                    Frame Armature_mixamorig_LeftHandMiddle1 {
                      FrameTransformMatrix {
                         0.998223, 0.015013, 0.057673, 0.000000,
                        -0.058345, 0.443353, 0.894447, 0.000000,
                        -0.012141,-0.896222, 0.443441, 0.000000,
                        -1.145573,10.269855, 0.098151, 1.000000;;
                      }
                      Frame Armature_mixamorig_LeftHandMiddle2 {
                        FrameTransformMatrix {
                           0.998085, 0.040135, 0.047072, 0.000000,
                          -0.044723,-0.057535, 0.997341, 0.000000,
                           0.042737,-0.997537,-0.055629, 0.000000,
                          -0.001401, 4.567463,-0.000001, 1.000000;;
                        }
                        Frame Armature_mixamorig_LeftHandMiddle3 {
                          FrameTransformMatrix {
                             0.998817, 0.041443, 0.025437, 0.000000,
                            -0.040574, 0.421968, 0.905702, 0.000000,
                             0.026802,-0.905663, 0.423150, 0.000000,
                             0.001012, 4.214501,-0.000018, 1.000000;;
                          }
                          Frame Armature_mixamorig_LeftHandMiddle4 {
                            FrameTransformMatrix {
                               1.000000,-0.000000, 0.000000, 0.000000,
                               0.000000, 1.000000, 0.000001, 0.000000,
                              -0.000000,-0.000001, 1.000000, 0.000000,
                               0.000395, 3.872910,-0.000008, 1.000000;;
                            }
                            Frame Armature_mixamorig_LeftHandMiddle4_end {
                              FrameTransformMatrix {
                                 1.000000,-0.000000,-0.000000, 0.000000,
                                 0.000000, 1.000000, 0.000000, 0.000000,
                                 0.000000,-0.000000, 1.000000, 0.000000,
                                -0.000001, 3.872907, 0.000001, 1.000000;;
                              }
                            } // End of Armature_mixamorig_LeftHandMiddle4_end
                          } // End of Armature_mixamorig_LeftHandMiddle4
                        } // End of Armature_mixamorig_LeftHandMiddle3
                      } // End of Armature_mixamorig_LeftHandMiddle2
                    } // End of Armature_mixamorig_LeftHandMiddle1
                    Frame Armature_mixamorig_LeftHandPinky1 {
                      FrameTransformMatrix {
                         0.803284,-0.584889, 0.112427, 0.000000,
                         0.065285, 0.274094, 0.959485, 0.000000,
                        -0.592008,-0.763399, 0.258360, 0.000000,
                         3.634721,10.279560, 0.214940, 1.000000;;
                      }
                      Frame Armature_mixamorig_LeftHandPinky2 {
                        FrameTransformMatrix {
                           0.996888, 0.056605, 0.054854, 0.000000,
                          -0.056497, 0.027848, 0.998015, 0.000000,
                           0.054965,-0.998008, 0.030959, 0.000000,
                           0.001713, 3.272555, 0.000001, 1.000000;;
                        }
                        Frame Armature_mixamorig_LeftHandPinky3 {
                          FrameTransformMatrix {
                             0.998188, 0.049509, 0.034195, 0.000000,
                            -0.053286, 0.463401, 0.884545, 0.000000,
                             0.027947,-0.884764, 0.465199, 0.000000,
                            -0.001557, 2.574742,-0.000041, 1.000000;;
                          }
                          Frame Armature_mixamorig_LeftHandPinky4 {
                            FrameTransformMatrix {
                               1.000000,-0.000000, 0.000000, 0.000000,
                               0.000000, 1.000000, 0.000000, 0.000000,
                              -0.000000,-0.000000, 1.000000, 0.000000,
                              -0.000161, 2.249523, 0.000013, 1.000000;;
                            }
                            Frame Armature_mixamorig_LeftHandPinky4_end {
                              FrameTransformMatrix {
                                 1.000000, 0.000000,-0.000000, 0.000000,
                                -0.000000, 1.000000, 0.000000, 0.000000,
                                 0.000000,-0.000000, 1.000000, 0.000000,
                                 0.000002, 2.249516,-0.000002, 1.000000;;
                              }
                            } // End of Armature_mixamorig_LeftHandPinky4_end
                          } // End of Armature_mixamorig_LeftHandPinky4
                        } // End of Armature_mixamorig_LeftHandPinky3
                      } // End of Armature_mixamorig_LeftHandPinky2
                    } // End of Armature_mixamorig_LeftHandPinky1
                    Frame Armature_mixamorig_LeftHandRing1 {
                      FrameTransformMatrix {
                         0.969494,-0.226006, 0.094881, 0.000000,
                        -0.060243, 0.155513, 0.985995, 0.000000,
                        -0.237597,-0.961633, 0.137153, 0.000000,
                         1.511721,10.276343, 0.094557, 1.000000;;
                      }
                      Frame Armature_mixamorig_LeftHandRing2 {
                        FrameTransformMatrix {
                           0.998487, 0.044798, 0.031878, 0.000000,
                          -0.043969, 0.302475, 0.952142, 0.000000,
                           0.033012,-0.952104, 0.303987, 0.000000,
                          -0.000576, 3.979027,-0.000049, 1.000000;;
                        }
                        Frame Armature_mixamorig_LeftHandRing3 {
                          FrameTransformMatrix {
                             0.998336, 0.046206, 0.034501, 0.000000,
                            -0.043666, 0.214974, 0.975643, 0.000000,
                             0.037663,-0.975526, 0.216634, 0.000000,
                             0.000085, 3.715602, 0.000020, 1.000000;;
                          }
                          Frame Armature_mixamorig_LeftHandRing4 {
                            FrameTransformMatrix {
                               1.000000,-0.000000,-0.000000, 0.000000,
                               0.000000, 1.000000,-0.000000, 0.000000,
                              -0.000000, 0.000000, 1.000000, 0.000000,
                               0.000503, 3.315373, 0.000021, 1.000000;;
                            }
                            Frame Armature_mixamorig_LeftHandRing4_end {
                              FrameTransformMatrix {
                                 1.000000, 0.000000, 0.000000, 0.000000,
                                -0.000000, 1.000000, 0.000000, 0.000000,
                                -0.000000,-0.000000, 1.000000, 0.000000,
                                -0.000008, 3.315387,-0.000007, 1.000000;;
                              }
                            } // End of Armature_mixamorig_LeftHandRing4_end
                          } // End of Armature_mixamorig_LeftHandRing4
                        } // End of Armature_mixamorig_LeftHandRing3
                      } // End of Armature_mixamorig_LeftHandRing2
                    } // End of Armature_mixamorig_LeftHandRing1
                    Frame Armature_mixamorig_LeftHandThumb1 {
                      FrameTransformMatrix {
                         0.446590, 0.854924,-0.263935, 0.000000,
                        -0.751869, 0.518488, 0.407262, 0.000000,
                         0.485026, 0.016565, 0.874343, 0.000000,
                        -3.268697, 2.020259, 1.309108, 1.000000;;
                      }
                      Frame Armature_mixamorig_LeftHandThumb2 {
                        FrameTransformMatrix {
                           0.694552,-0.718464, 0.037507, 0.000000,
                           0.626469, 0.629606, 0.459491, 0.000000,
                          -0.353743,-0.295644, 0.887390, 0.000000,
                          -0.446730, 3.216753, 0.000003, 1.000000;;
                        }
                        Frame Armature_mixamorig_LeftHandThumb3 {
                          FrameTransformMatrix {
                             0.731436,-0.681793, 0.012647, 0.000000,
                             0.664766, 0.717056, 0.209564, 0.000000,
                            -0.151948,-0.144875, 0.977713, 0.000000,
                             0.289046, 4.061808,-0.000016, 1.000000;;
                          }
                          Frame Armature_mixamorig_LeftHandThumb4 {
                            FrameTransformMatrix {
                               1.000000, 0.000000,-0.000000, 0.000000,
                              -0.000000, 1.000000,-0.000000, 0.000000,
                               0.000000, 0.000000, 1.000000, 0.000000,
                               0.157697, 3.553966,-0.000008, 1.000000;;
                            }
                            Frame Armature_mixamorig_LeftHandThumb4_end {
                              FrameTransformMatrix {
                                 1.000000, 0.000000,-0.000000, 0.000000,
                                -0.000000, 1.000000, 0.000000, 0.000000,
                                -0.000000,-0.000000, 1.000000, 0.000000,
                                 0.000001, 3.557478, 0.000000, 1.000000;;
                              }
                            } // End of Armature_mixamorig_LeftHandThumb4_end
                          } // End of Armature_mixamorig_LeftHandThumb4
                        } // End of Armature_mixamorig_LeftHandThumb3
                      } // End of Armature_mixamorig_LeftHandThumb2
                    } // End of Armature_mixamorig_LeftHandThumb1
                  } // End of Armature_mixamorig_LeftHand
                } // End of Armature_mixamorig_LeftForeArm
              } // End of Armature_mixamorig_LeftArm
            } // End of Armature_mixamorig_LeftShoulder
            Frame Armature_mixamorig_Neck {
              FrameTransformMatrix {
                 0.997131,-0.036894, 0.066091, 0.000000,
                 0.057335, 0.938210,-0.341285, 0.000000,
                -0.049416, 0.344095, 0.937634, 0.000000,
                 0.000001,13.759729, 0.000000, 1.000000;;
              }
              Frame Armature_mixamorig_Head {
                FrameTransformMatrix {
                   0.997488,-0.024427, 0.066491, 0.000000,
                   0.026937, 0.998948,-0.037127, 0.000000,
                  -0.065514, 0.038825, 0.997096, 0.000000,
                   0.000001, 7.527329,-0.214809, 1.000000;;
                }
                Frame Armature_mixamorig_HeadTop_End {
                  FrameTransformMatrix {
                     1.000000,-0.000000,-0.000000, 0.000000,
                    -0.000000, 1.000000, 0.000000, 0.000000,
                    -0.000000, 0.000000, 1.000000, 0.000000,
                    -0.000000,26.017389,-0.742486, 1.000000;;
                  }
                  Frame Armature_mixamorig_HeadTop_End_end {
                    FrameTransformMatrix {
                       1.000000,-0.000000, 0.000000, 0.000000,
                      -0.000000, 1.000000, 0.000000, 0.000000,
                      -0.000000,-0.000000, 1.000000, 0.000000,
                      -0.000000,26.028013, 0.000001, 1.000000;;
                    }
                  } // End of Armature_mixamorig_HeadTop_End_end
                } // End of Armature_mixamorig_HeadTop_End
              } // End of Armature_mixamorig_Head
            } // End of Armature_mixamorig_Neck
            Frame Armature_mixamorig_RightShoulder {
              FrameTransformMatrix {
                -0.105589,-0.188748, 0.976333, 0.000000,
                -0.819245,-0.539991,-0.192993, 0.000000,
                 0.563638,-0.820234,-0.097614, 0.000000,
                -5.180531,11.651844, 0.039933, 1.000000;;
              }
              Frame Armature_mixamorig_RightArm {
                FrameTransformMatrix {
                   0.874036,-0.472520,-0.113073, 0.000000,
                   0.470763, 0.766057, 0.437652, 0.000000,
                  -0.120179,-0.435754, 0.892006, 0.000000,
                  -0.000014,10.993589,-0.000007, 1.000000;;
                }
                Frame Armature_mixamorig_RightForeArm {
                  FrameTransformMatrix {
                    -0.039718,-0.994295, 0.098997, 0.000000,
                     0.991093,-0.051805,-0.122683, 0.000000,
                     0.127112, 0.093242, 0.987496, 0.000000,
                     0.000001,21.306309, 0.000005, 1.000000;;
                  }
                  Frame Armature_mixamorig_RightHand {
                    FrameTransformMatrix {
                       0.961523,-0.270129, 0.050043, 0.000000,
                       0.274150, 0.955241,-0.111160, 0.000000,
                      -0.017775, 0.120602, 0.992542, 0.000000,
                       0.000004,24.291643,-0.000005, 1.000000;;
                    }
                    Frame Armature_mixamorig_RightHandIndex1 {
                      FrameTransformMatrix {
                         0.906522,-0.417389, 0.063284, 0.000000,
                         0.143527, 0.445694, 0.883604, 0.000000,
                        -0.397012,-0.791924, 0.463938, 0.000000,
                         3.876469,10.479931, 0.248504, 1.000000;;
                      }
                      Frame Armature_mixamorig_RightHandIndex2 {
                        FrameTransformMatrix {
                           0.996915,-0.045296,-0.064109, 0.000000,
                           0.043355,-0.363108, 0.930738, 0.000000,
                          -0.065437,-0.930645,-0.360024, 0.000000,
                           0.001570, 3.405109, 0.000000, 1.000000;;
                        }
                        Frame Armature_mixamorig_RightHandIndex3 {
                          FrameTransformMatrix {
                             0.998600,-0.043615,-0.029917, 0.000000,
                             0.045066, 0.405619, 0.912931, 0.000000,
                            -0.027683,-0.913001, 0.407017, 0.000000,
                            -0.000148, 3.328537,-0.000025, 1.000000;;
                          }
                          Frame Armature_mixamorig_RightHandIndex4 {
                            FrameTransformMatrix {
                               1.000000,-0.000000, 0.000000, 0.000000,
                               0.000000, 1.000000, 0.000000, 0.000000,
                              -0.000000,-0.000000, 1.000000, 0.000000,
                              -0.001428, 2.857763, 0.000003, 1.000000;;
                            }
                            Frame Armature_mixamorig_RightHandIndex4_end {
                              FrameTransformMatrix {
                                 1.000000, 0.000000, 0.000000, 0.000000,
                                 0.000000, 1.000000, 0.000000, 0.000000,
                                 0.000000,-0.000000, 1.000000, 0.000000,
                                 0.000003, 2.857756, 0.000011, 1.000000;;
                              }
                            } // End of Armature_mixamorig_RightHandIndex4_end
                          } // End of Armature_mixamorig_RightHandIndex4
                        } // End of Armature_mixamorig_RightHandIndex3
                      } // End of Armature_mixamorig_RightHandIndex2
                    } // End of Armature_mixamorig_RightHandIndex1
                    Frame Armature_mixamorig_RightHandMiddle1 {
                      FrameTransformMatrix {
                         0.997999,-0.021580,-0.059431, 0.000000,
                         0.063092, 0.401474, 0.913695, 0.000000,
                         0.004143,-0.915616, 0.402032, 0.000000,
                         1.265780,10.731009,-0.044023, 1.000000;;
                      }
                      Frame Armature_mixamorig_RightHandMiddle2 {
                        FrameTransformMatrix {
                           0.997252,-0.051921,-0.052846, 0.000000,
                           0.053209, 0.005642, 0.998567, 0.000000,
                          -0.051549,-0.998635, 0.008389, 0.000000,
                           0.001791, 4.302085,-0.000010, 1.000000;;
                        }
                        Frame Armature_mixamorig_RightHandMiddle3 {
                          FrameTransformMatrix {
                             0.998300,-0.045924,-0.035900, 0.000000,
                             0.048976, 0.326834, 0.943812, 0.000000,
                            -0.031610,-0.943965, 0.328527, 0.000000,
                             0.000397, 4.040871,-0.000005, 1.000000;;
                          }
                          Frame Armature_mixamorig_RightHandMiddle4 {
                            FrameTransformMatrix {
                               1.000000, 0.000000,-0.000000, 0.000000,
                               0.000000, 1.000000, 0.000000, 0.000000,
                              -0.000000,-0.000000, 1.000000, 0.000000,
                              -0.002214, 3.587887, 0.000006, 1.000000;;
                            }
                            Frame Armature_mixamorig_RightHandMiddle4_end {
                              FrameTransformMatrix {
                                 1.000000, 0.000000,-0.000000, 0.000000,
                                 0.000000, 1.000000,-0.000000, 0.000000,
                                -0.000000, 0.000000, 1.000000, 0.000000,
                                 0.000009, 3.587895, 0.000000, 1.000000;;
                              }
                            } // End of Armature_mixamorig_RightHandMiddle4_end
                          } // End of Armature_mixamorig_RightHandMiddle4
                        } // End of Armature_mixamorig_RightHandMiddle3
                      } // End of Armature_mixamorig_RightHandMiddle2
                    } // End of Armature_mixamorig_RightHandMiddle1
                    Frame Armature_mixamorig_RightHandPinky1 {
                      FrameTransformMatrix {
                         0.806899, 0.576838,-0.127170, 0.000000,
                        -0.056512, 0.289690, 0.955450, 0.000000,
                         0.587980,-0.763765, 0.266349, 0.000000,
                        -3.578579,10.364527, 0.239161, 1.000000;;
                      }
                      Frame Armature_mixamorig_RightHandPinky2 {
                        FrameTransformMatrix {
                           0.995162,-0.068503,-0.070423, 0.000000,
                           0.070322,-0.003893, 0.997517, 0.000000,
                          -0.068607,-0.997643, 0.000943, 0.000000,
                          -0.001981, 3.211712,-0.000004, 1.000000;;
                        }
                        Frame Armature_mixamorig_RightHandPinky3 {
                          FrameTransformMatrix {
                             0.997150,-0.064727,-0.038751, 0.000000,
                             0.066566, 0.513190, 0.855690, 0.000000,
                            -0.035499,-0.855831, 0.516035, 0.000000,
                             0.003107, 2.578183, 0.000011, 1.000000;;
                          }
                          Frame Armature_mixamorig_RightHandPinky4 {
                            FrameTransformMatrix {
                               1.000000, 0.000000,-0.000000, 0.000000,
                              -0.000000, 1.000000,-0.000001, 0.000000,
                               0.000000, 0.000001, 1.000000, 0.000000,
                              -0.001129, 2.342512,-0.000007, 1.000000;;
                            }
                            Frame Armature_mixamorig_RightHandPinky4_end {
                              FrameTransformMatrix {
                                 1.000000,-0.000000, 0.000000, 0.000000,
                                 0.000000, 1.000000,-0.000000, 0.000000,
                                -0.000000, 0.000000, 1.000000, 0.000000,
                                -0.000011, 2.342500,-0.000002, 1.000000;;
                              }
                            } // End of Armature_mixamorig_RightHandPinky4_end
                          } // End of Armature_mixamorig_RightHandPinky4
                        } // End of Armature_mixamorig_RightHandPinky3
                      } // End of Armature_mixamorig_RightHandPinky2
                    } // End of Armature_mixamorig_RightHandPinky1
                    Frame Armature_mixamorig_RightHandRing1 {
                      FrameTransformMatrix {
                         0.977535, 0.174235,-0.118607, 0.000000,
                         0.077719, 0.225109, 0.971229, 0.000000,
                         0.195922,-0.958628, 0.206510, 0.000000,
                        -1.563639,10.580330, 0.239563, 1.000000;;
                      }
                      Frame Armature_mixamorig_RightHandRing2 {
                        FrameTransformMatrix {
                           0.997341,-0.054561,-0.048318, 0.000000,
                           0.058325, 0.199988, 0.978061, 0.000000,
                          -0.043701,-0.978278, 0.202639, 0.000000,
                          -0.000568, 3.718185,-0.000011, 1.000000;;
                        }
                        Frame Armature_mixamorig_RightHandRing3 {
                          FrameTransformMatrix {
                             0.997064,-0.059757,-0.047876, 0.000000,
                             0.057922, 0.179665, 0.982021, 0.000000,
                            -0.050081,-0.981911, 0.182599, 0.000000,
                            -0.000302, 3.643947,-0.000018, 1.000000;;
                          }
                          Frame Armature_mixamorig_RightHandRing4 {
                            FrameTransformMatrix {
                               1.000000, 0.000000,-0.000000, 0.000000,
                              -0.000000, 1.000000, 0.000000, 0.000000,
                               0.000000,-0.000000, 1.000000, 0.000000,
                               0.000851, 3.025697,-0.000004, 1.000000;;
                            }
                            Frame Armature_mixamorig_RightHandRing4_end {
                              FrameTransformMatrix {
                                 1.000000,-0.000000, 0.000000, 0.000000,
                                -0.000000, 1.000000, 0.000000, 0.000000,
                                -0.000000,-0.000000, 1.000000, 0.000000,
                                -0.000007, 3.025678, 0.000001, 1.000000;;
                              }
                            } // End of Armature_mixamorig_RightHandRing4_end
                          } // End of Armature_mixamorig_RightHandRing4
                        } // End of Armature_mixamorig_RightHandRing3
                      } // End of Armature_mixamorig_RightHandRing2
                    } // End of Armature_mixamorig_RightHandRing1
                    Frame Armature_mixamorig_RightHandThumb1 {
                      FrameTransformMatrix {
                         0.481705,-0.835256, 0.265154, 0.000000,
                         0.728310, 0.549847, 0.408940, 0.000000,
                        -0.487364,-0.003874, 0.873190, 0.000000,
                         3.351180, 2.208749, 1.381232, 1.000000;;
                      }
                      Frame Armature_mixamorig_RightHandThumb2 {
                        FrameTransformMatrix {
                           0.694408, 0.719339,-0.018689, 0.000000,
                          -0.641146, 0.630300, 0.437782, 0.000000,
                           0.326693,-0.292017, 0.898887, 0.000000,
                           0.503314, 3.358177,-0.000008, 1.000000;;
                        }
                        Frame Armature_mixamorig_RightHandThumb3 {
                          FrameTransformMatrix {
                             0.724414, 0.685423,-0.073611, 0.000000,
                            -0.666361, 0.723592, 0.179940, 0.000000,
                             0.176599,-0.081299, 0.980920, 0.000000,
                            -0.013928, 3.929757, 0.000014, 1.000000;;
                          }
                          Frame Armature_mixamorig_RightHandThumb4 {
                            FrameTransformMatrix {
                               1.000000,-0.000000,-0.000000, 0.000000,
                               0.000000, 1.000000,-0.000000, 0.000000,
                               0.000000, 0.000000, 1.000000, 0.000000,
                              -0.489396, 3.302342, 0.000001, 1.000000;;
                            }
                            Frame Armature_mixamorig_RightHandThumb4_end {
                              FrameTransformMatrix {
                                 1.000000, 0.000000,-0.000001, 0.000000,
                                -0.000000, 1.000000, 0.000000, 0.000000,
                                 0.000001,-0.000000, 1.000000, 0.000000,
                                -0.000003, 3.338411, 0.000005, 1.000000;;
                              }
                            } // End of Armature_mixamorig_RightHandThumb4_end
                          } // End of Armature_mixamorig_RightHandThumb4
                        } // End of Armature_mixamorig_RightHandThumb3
                      } // End of Armature_mixamorig_RightHandThumb2
                    } // End of Armature_mixamorig_RightHandThumb1
                  } // End of Armature_mixamorig_RightHand
                } // End of Armature_mixamorig_RightForeArm
              } // End of Armature_mixamorig_RightArm
            } // End of Armature_mixamorig_RightShoulder
          } // End of Armature_mixamorig_Spine2
        } // End of Armature_mixamorig_Spine1
      } // End of Armature_mixamorig_Spine
    } // End of Armature_mixamorig_Hips
    Frame Adventurer_Body {
      FrameTransformMatrix {
        100.000023, 0.000000,-0.000000, 0.000000,
        -0.000000,-0.000028,-100.000023, 0.000000,
         0.000000,100.000023,-0.000028, 0.000000,
         0.000003,-0.000001,-0.000004, 1.000000;;
      }
    } // End of Adventurer_Body
    Frame Adventurer_Feet {
      FrameTransformMatrix {
        100.000023, 0.000002, 0.000001, 0.000000,
        -0.000002,-0.000028,-100.000023, 0.000000,
         0.000002,100.000023,-0.000028, 0.000000,
         0.000001, 0.000005,-0.000004, 1.000000;;
      }
    } // End of Adventurer_Feet
    Frame Adventurer_Head {
      FrameTransformMatrix {
        99.999977, 0.000000, 0.000000, 0.000000,
        -0.000000,-0.000028,-100.000023, 0.000000,
         0.000000,100.000023,-0.000028, 0.000000,
         0.000002,-0.000013,-0.000004, 1.000000;;
      }
    } // End of Adventurer_Head
    Frame Adventurer_Legs {
      FrameTransformMatrix {
        100.000023, 0.000002, 0.000001, 0.000000,
        -0.000002,-0.000028,-100.000023, 0.000000,
         0.000002,100.000023,-0.000028, 0.000000,
         0.000001, 0.000005,-0.000004, 1.000000;;
      }
    } // End of Adventurer_Legs
    Frame Backpack {
      FrameTransformMatrix {
        -26.076889,-0.000000,-0.000010, 0.000000,
        -0.000010, 0.000008,26.076881, 0.000000,
        -0.000000,26.076889,-0.000008, 0.000000,
         0.000001,137.266510,-11.664413, 1.000000;;
      }
    } // End of Backpack
  } // End of Armature
} // End of Root
AnimationSet Global {
  Animation {
    {Adventurer_Body}
    AnimationKey { // Rotation
      0;
      48;
      0;4;-0.707107,-0.707107,-0.000000, 0.000000;;,
      1;4;-0.707107,-0.707107,-0.000000, 0.000000;;,
      2;4;-0.707107,-0.707107,-0.000000, 0.000000;;,
      3;4;-0.707107,-0.707107,-0.000000, 0.000000;;,
      4;4;-0.707107,-0.707107,-0.000000, 0.000000;;,
      5;4;-0.707107,-0.707107,-0.000000, 0.000000;;,
      6;4;-0.707107,-0.707107,-0.000000, 0.000000;;,
      7;4;-0.707107,-0.707107,-0.000000, 0.000000;;,
      8;4;-0.707107,-0.707107,-0.000000, 0.000000;;,
      9;4;-0.707107,-0.707107,-0.000000, 0.000000;;,
      10;4;-0.707107,-0.707107,-0.000000, 0.000000;;,
      11;4;-0.707107,-0.707107,-0.000000, 0.000000;;,
      12;4;-0.707107,-0.707107,-0.000000, 0.000000;;,
      13;4;-0.707107,-0.707107,-0.000000, 0.000000;;,
      14;4;-0.707107,-0.707107,-0.000000, 0.000000;;,
      15;4;-0.707107,-0.707107,-0.000000, 0.000000;;,
      16;4;-0.707107,-0.707107,-0.000000, 0.000000;;,
      17;4;-0.707107,-0.707107,-0.000000, 0.000000;;,
      18;4;-0.707107,-0.707107,-0.000000, 0.000000;;,
      19;4;-0.707107,-0.707107,-0.000000, 0.000000;;,
      20;4;-0.707107,-0.707107,-0.000000, 0.000000;;,
      21;4;-0.707107,-0.707107,-0.000000, 0.000000;;,
      22;4;-0.707107,-0.707107,-0.000000, 0.000000;;,
      23;4;-0.707107,-0.707107,-0.000000, 0.000000;;,
      24;4;-0.707107,-0.707107,-0.000000, 0.000000;;,
      25;4;-0.707107,-0.707107,-0.000000, 0.000000;;,
      26;4;-0.707107,-0.707107,-0.000000, 0.000000;;,
      27;4;-0.707107,-0.707107,-0.000000, 0.000000;;,
      28;4;-0.707107,-0.707107,-0.000000, 0.000000;;,
      29;4;-0.707107,-0.707107,-0.000000, 0.000000;;,
      30;4;-0.707107,-0.707107,-0.000000, 0.000000;;,
      31;4;-0.707107,-0.707107,-0.000000, 0.000000;;,
      32;4;-0.707107,-0.707107,-0.000000, 0.000000;;,
      33;4;-0.707107,-0.707107,-0.000000, 0.000000;;,
      34;4;-0.707107,-0.707107,-0.000000, 0.000000;;,
      35;4;-0.707107,-0.707107,-0.000000, 0.000000;;,
      36;4;-0.707107,-0.707107,-0.000000, 0.000000;;,
      37;4;-0.707107,-0.707107,-0.000000, 0.000000;;,
      38;4;-0.707107,-0.707107,-0.000000, 0.000000;;,
